50
5437 21875 25810 6752 5026 19276 9836 2399 21373 27761 2847 17451 9396 16189 23969 4393 100 13167 32141 1316 19839 25656 26907 30202 22714 16531 5166 1429 934 3541 12437 22813 28444 30853 19338 20588 9439 10093 25727 20931 1149 1265 24859 32187 30582 12960 639 24446 12448 23305 
100
U 32 21968
U 32 15492
U 12 24951
U 28 16778
U 23 24694
U 4 14906
U 40 4739
U 5 28585
U 31 32166
U 7 26876
U 14 28531
U 29 2913
U 41 2766
U 24 2036
U 18 31267
U 34 1640
U 23 15928
U 45 7791
U 49 7162
U 49 30518
U 26 28663
U 31 7025
U 13 15467
U 31 2497
U 28 12034
U 38 5257
U 50 11709
U 41 4456
U 21 18079
U 9 30695
U 7 13325
U 45 12333
U 19 6148
U 29 17837
U 11 10898
U 35 18216
U 12 27705
U 38 9347
U 47 2849
U 42 9273
U 45 8769
U 8 25967
U 40 23537
U 28 8446
U 36 23930
U 49 19173
U 5 18337
U 41 9989
U 8 6211
U 44 10011
U 17 25464
U 19 19780
U 18 16094
U 33 9631
U 40 26605
U 8 711
U 16 13973
U 31 21548
U 18 24425
U 11 31401
U 30 29984
U 9 16058
U 45 3913
U 41 19782
U 19 3143
U 40 13014
U 5 7975
U 50 687
U 11 19909
U 25 32306
U 16 16986
U 6 31327
U 30 27502
U 16 15485
U 46 26556
U 28 25645
U 21 14226
U 11 2165
U 36 13229
U 50 16003
U 40 27042
U 19 9275
U 30 18518
U 47 3534
U 19 2833
U 42 27880
U 16 8239
U 44 16695
U 17 28798
U 29 11614
U 27 32453
U 14 30865
U 23 25361
U 4 9314
U 16 15286
U 19 8083
U 8 24099
U 28 20968
U 29 27646
U 6 4679
