47

3 3
9 9 9
9 9 9
1
0 0 = 3

3 3
9 9 9
9 9 9
3
1 2 > 0
0 0 = 3
2 1 < 6

200 20
0 0 0 0 0 0 0 0 0 0 0 0 0 0 0 0 0 0 0 0 0 0 0 0 0 0 0 0 0 0 0 0 0 0 0 0 0 0 0 0 0 0 0 0 0 0 0 0 0 0 0 0 0 0 0 0 0 0 0 0 0 0 0 0 0 0 0 0 0 0 0 0 0 0 0 0 0 0 0 0 0 0 0 0 0 0 0 0 0 0 0 0 0 0 0 0 0 0 0 0 0 0 0 0 0 0 0 0 0 0 0 0 0 0 0 0 0 0 0 0 0 0 0 0 0 0 0 0 0 0 0 0 0 0 0 0 0 0 0 0 0 0 0 0 0 0 0 0 0 0 0 0 0 0 0 0 0 0 0 0 0 0 0 0 0 0 0 0 0 0 0 0 0 0 0 0 0 0 0 0 0 0 0 0 0 0 0 0 0 0 0 0 0 0 0 0 0 0 0 0
0 0 0 0 0 0 0 0 0 0 0 0 0 0 0 0 0 0 0 0
0

200 20
1 2 3 4 5 6 7 8 9 10 11 12 13 14 15 16 17 18 19 20 1 2 3 4 5 6 7 8 9 10 11 12 13 14 15 16 17 18 19 20 1 2 3 4 5 6 7 8 9 10 11 12 13 14 15 16 17 18 19 20 1 2 3 4 5 6 7 8 9 10 11 12 13 14 15 16 17 18 19 20 1 2 3 4 5 6 7 8 9 10 11 12 13 14 15 16 17 18 19 20 1 2 3 4 5 6 7 8 9 10 11 12 13 14 15 16 17 18 19 20 1 2 3 4 5 6 7 8 9 10 11 12 13 14 15 16 17 18 19 20 1 2 3 4 5 6 7 8 9 10 11 12 13 14 15 16 17 18 19 20 1 2 3 4 5 6 7 8 9 10 11 12 13 14 15 16 17 18 19 20 1 2 3 4 5 6 7 8 9 10 11 12 13 14 15 16 17 18 19 20
10 20 30 40 50 60 70 80 90 100 110 120 130 140 150 160 170 180 190 200
0

1 20
100
0 8 5 0 0 17 0 3 15 0 7 0 16 0 0 4 15 10 0 0
5
1 3 = 5
1 9 > 8
0 13 < 20
1 19 < 8
0 0 < 100 

20 1
0 8 5 0 0 17 0 3 15 0 7 0 16 0 0 4 15 10 0 0
100
5
3 1 = 5
9 1 > 8
13 0 < 20
19 1 < 8
0 0 < 100 

1 1
42
42
2
0 0 > 30
1 1 < 50

2 2
3 7
4 6
2
0 0 > -100
0 0 < 100

5 5
10 10 10 10 10
10 10 10 10 10
3
0 3 > 0
3 0 < 4
3 3 = 2

8 8
10 10 10 10 10 10 10 10
10 10 10 10 10 10 10 10
2
0 3 > 6
4 0 < 5

10 10
10 10 10 10 10 10 10 10 10 10
10 10 10 10 10 10 10 10 10 10
2
0 0 > 1
0 0 < 10

10 10
1 2 3 4 5 6 7 8 9 10
1 2 3 4 5 6 7 8 9 10
0

10 10
10 10 10 10 10 10 10 10 10 10
10 10 10 10 10 10 10 10 10 10
0

10 10
10 10 10 10 10 10 10 10 10 10
10 10 10 10 10 10 10 10 10 10
2
0 0 > 1
0 0 < 5

10 10
1 2 3 4 5 6 7 8 9 10
1 2 3 4 5 6 7 8 9 10
0

3 3
10 10 10
10 10 10
2
0 0 > 1
0 0 < 5

3 3
1 2 3
1 2 3
0

1 1
262
262
0

7 2
1179 708 971 1364 1568 780 1222
4645 3147
0

16 3
1022 1161 1399 2044 1332 1673 1630 1286 1204 1109 797 1461 1643 1658 1250 537
7702 7344 6160
0

23 5
3746 1494 2202 3509 2422 1977 2430 2274 1780 2708 2099 2416 2751 2949 4080 2199 2676 3745 1792 1246 3286 3373 3681
14221 11166 12804 11890 10754
67
3 1 > 234
16 2 < 343
19 5 > 355
13 5 > 439
3 3 < 791
2 1 = 650
0 5 < 746
8 2 < 602
12 2 > 79
13 3 = 986
20 5 > 314
15 2 > 87
11 5 < 317
19 4 < 841
19 2 < 649
23 1 > 434
16 4 < 273
7 4 > 851
5 1 > 141
4 5 > 647
6 1 = 871
21 4 > 565
13 2 < 801
1 2 < 585
5 5 > 459
3 1 > 693
21 1 > 437
16 3 < 870
10 2 = 252
12 1 < 977
18 4 > 876
5 4 = 263
16 3 = 798
19 2 = 333
23 5 = 312
8 3 > 315
1 0 > 568
8 1 > 334
21 2 = 912
9 0 = 260
4 4 > 823
19 1 < 986
5 4 < 268
7 4 < 954
20 5 < 698
18 1 > 987
21 3 > 908
5 5 > 754
15 0 > 676
9 1 = 262
9 5 < 267
2 1 = 651
23 4 > 999
13 1 < 845
16 5 > 82
20 3 = 314
13 2 > 90
3 1 < 735
8 4 < 908
8 4 > 9
5 1 = 367
13 2 > 807
10 4 < 1001
9 3 < 257
23 1 = 759
22 2 > 688
17 3 > 607

7 7
2234 3520 4102 2394 4117 2237 4341
3538 2475 3652 3852 3392 2674 3362
0

10 7
4517 3895 3692 3453 4597 2704 2904 3426 3754 3825
2520 4746 5370 7818 4651 5152 6510
17
10 4 = 711
9 6 = 149
6 6 < 187
4 3 > 427
1 2 < 940
3 3 < 99
0 6 > 148
2 7 > 636
6 4 > 296
10 7 < 884
0 1 = 252
0 4 > 710
9 3 < 576
6 7 < 985
10 5 = 732
0 7 = 651
5 4 < 939

28 7
4119 3496 3161 3885 4348 3361 3778 3128 3796 4019 3752 3191 3655 3399 3542 3274 3818 3059 3249 3803 3408 3557 3761 3243 3006 2942 4383 3510
1540 26123 9531 27730 12358 642 21719
69
13 5 = 572
0 2 > 876
16 6 < 50
0 1 < 640
9 2 > 971
16 4 > 914
3 5 < 143
0 6 < 46
0 1 = 55
14 6 = 28
0 7 > 74
7 5 = 250
16 3 < 95
1 6 < 26
9 5 < 757
4 3 > 326
3 2 > 966
0 2 < 1001
16 3 = 88
3 4 > 85
0 7 > 582
15 7 = 750
12 5 < 957
26 6 < 13
6 7 < 627
28 6 < 25
5 7 > 700
11 5 = 391
0 4 > 983
28 7 = 911
16 5 < 473
26 5 > 91
1 7 > 901
0 4 < 998
12 1 < 56
0 1 < 56
9 3 > 48
26 5 = 159
19 6 > 17
13 6 > 13
20 5 > 825
10 3 < 190
10 6 > 10
26 2 < 975
13 4 = 997
1 7 = 968
18 7 > 641
6 2 > 908
0 1 = 55
11 2 < 986
1 5 > 498
25 1 > 54
1 5 = 926
23 1 = 55
13 7 = 632
19 7 < 831
24 3 = 42
7 3 = 731
23 4 > 988
25 3 < 5
15 1 < 56
28 4 > 990
12 5 > 171
12 5 < 741
0 1 = 55
2 6 < 35
26 3 < 291
7 7 > 658
0 1 > 54

57 8
7280 2844 4629 4950 4102 3913 4648 4973 2440 3122 6608 3170 5021 2766 7544 3784 2841 2962 4695 2961 7609 3147 1262 1474 3320 7816 3904 2764 4323 5820 4088 4667 5044 3747 5549 2164 3361 3927 5408 4053 3553 2702 1714 3983 7808 1552 6400 2458 7712 2895 4640 3990 4187 3090 5114 2164 2919
29312 30309 30107 33184 28159 28640 28117 27753
219
1 0 > 801
56 7 = 444
41 4 = 636
19 4 > 391
21 1 = 928
37 3 = 527
23 2 < 339
22 4 < 484
52 1 = 578
7 4 = 710
45 4 > 687
33 8 = 819
43 0 < 322
27 7 = 307
23 2 > 4
52 5 < 637
18 2 < 509
51 0 = 580
49 0 = 964
8 5 > 981
24 0 < 647
17 8 = 858
16 5 < 90
48 2 = 296
46 7 = 194
42 3 < 741
14 0 > 247
18 6 < 189
37 1 = 117
3 2 < 1001
48 8 = 82
23 2 = 249
46 7 < 195
1 6 > 964
19 7 < 584
17 6 < 216
27 5 = 648
2 2 < 357
45 0 = 976
16 7 < 985
22 5 < 30
26 0 = 977
43 7 > 222
9 4 < 805
17 1 < 95
17 4 > 197
35 5 = 967
10 8 = 332
52 4 < 659
17 2 = 384
57 7 = 194
21 0 > 927
13 3 = 750
20 6 = 427
48 8 < 83
9 0 < 631
50 1 = 597
31 2 < 284
34 5 < 537
40 3 = 338
13 3 = 750
51 8 < 581
55 2 > 809
9 7 = 349
47 0 = 800
44 1 < 687
3 3 > 439
55 5 > 633
30 7 = 613
43 6 < 59
22 1 = 701
49 6 = 964
39 8 > 677
42 5 > 302
37 1 = 117
36 2 < 537
12 2 = 973
36 8 > 279
31 7 = 618
30 1 = 934
6 7 > 838
33 4 > 942
34 5 = 247
9 6 = 433
25 4 > 394
51 5 < 581
54 6 = 141
34 5 > 246
12 8 = 2
16 7 > 453
15 0 = 943
3 1 > 528
24 7 < 395
9 4 < 284
10 5 > 308
24 2 < 349
3 3 > 965
19 5 > 832
26 8 < 978
49 2 > 963
17 1 > 26
35 4 = 449
18 3 = 139
14 0 < 526
2 2 < 113
13 2 = 269
16 1 > 27
39 1 = 266
21 2 < 965
57 8 = 112
7 1 < 865
16 5 = 58
49 8 < 965
11 3 = 826
20 5 = 88
54 2 = 871
43 6 > 33
25 8 < 515
9 5 = 591
41 2 < 289
21 3 = 937
11 0 = 826
15 4 < 944
10 6 < 389
13 3 > 749
57 1 < 405
14 7 < 395
54 1 < 632
38 8 > 641
28 4 > 328
27 2 < 341
43 3 = 296
34 5 < 248
43 7 > 250
34 3 > 553
2 2 = 24
27 2 > 212
21 3 = 937
25 1 < 429
47 0 < 801
34 3 = 917
37 5 = 347
57 8 = 112
37 2 = 672
32 4 < 326
28 4 > 843
38 8 < 953
34 8 > 34
46 0 < 195
26 0 > 976
25 0 = 415
25 4 < 416
37 4 = 988
23 0 < 250
20 5 > 87
18 0 > 138
17 6 > 56
29 5 < 314
38 6 < 306
35 3 < 492
15 5 < 944
14 6 < 330
46 0 > 193
38 1 < 652
30 4 = 845
41 4 > 635
38 5 = 523
51 2 > 579
12 6 = 46
51 6 = 580
42 1 = 311
50 2 < 84
46 4 = 194
15 0 < 944
35 5 > 966
30 7 = 613
7 1 = 627
32 1 < 947
53 1 > 779
7 8 < 583
52 8 < 281
20 8 = 138
23 7 = 39
39 7 < 383
3 6 = 799
36 7 = 501
18 3 = 139
1 6 < 981
22 6 < 799
42 1 = 311
18 6 > 146
8 4 > 314
31 4 > 929
29 3 < 993
12 2 > 972
49 6 = 964
36 6 > 194
10 5 < 870
38 8 > 817
30 1 < 935
11 7 = 826
9 5 = 591
12 6 > 45
30 5 > 481
18 6 > 173
25 7 < 416
19 1 = 795
25 3 = 415
13 3 = 750
31 3 < 149
17 1 > 50
21 6 > 962
27 2 = 330
27 2 = 330
36 0 < 502
48 7 > 39
35 6 > 517
37 5 > 346
37 8 < 147

26 12
11244 11244 11244 11244 11244 11244 11244 11244 11244 11244 11244 11244 11244 11244 11244 11244 11244 11244 11244 11244 11244 11244 11244 11244 11244 11244
24362 24362 24362 24362 24362 24362 24362 24362 24362 24362 24362 24362
17
0 0 = 937
13 0 = 937
0 0 > 936
0 0 = 937
0 10 < 938
0 0 = 937
0 8 > 936
0 0 = 937
0 0 < 938
13 0 < 938
0 11 < 938
0 12 = 937
0 12 = 937
25 0 < 938
0 0 > 936
0 0 < 938
0 0 > 936

60 13
6820 5855 7388 6669 7930 6190 8783 7265 7545 6928 5618 7212 6898 8886 7919 7179 8803 7125 5477 5762 7912 6567 6011 6658 7116 7781 7415 6699 6535 7802 7406 8522 8995 6955 6040 6425 6590 6674 6141 8272 7268 5762 7006 5069 7271 7987 7563 7584 8555 6394 6106 5572 6852 7585 6706 7324 7242 7631 6432 7396
29902 26237 36069 30274 28219 50578 26619 32280 32125 30656 36552 28062 36500
137
0 3 > 224
0 2 = 429
7 0 > 438
19 5 < 10
16 4 < 286
0 10 < 948
8 6 > 19
53 13 > 321
53 2 = 438
53 7 < 81
40 1 > 309
52 9 < 937
0 13 = 625
5 1 < 525
55 3 < 329
0 6 < 967
0 6 > 700
12 10 > 586
52 12 > 405
0 12 = 466
5 2 = 429
16 2 = 437
54 6 = 887
6 9 = 870
9 10 = 500
55 2 < 437
43 13 = 625
42 6 = 823
0 11 = 617
39 4 = 392
46 12 > 462
47 7 > 16
28 11 < 614
38 10 = 441
22 1 = 199
24 7 < 668
20 7 < 745
5 4 > 474
36 5 = 437
57 11 > 611
0 8 = 540
36 8 > 537
55 12 < 466
41 2 < 427
6 9 = 880
7 1 = 657
0 8 > 530
38 8 < 543
14 1 > 97
20 9 = 741
48 13 > 622
11 7 < 135
42 2 > 428
23 12 < 474
2 10 < 444
47 5 > 729
39 11 = 619
33 9 > 248
37 6 < 911
33 5 > 418
35 1 < 700
50 5 = 357
59 3 > 853
58 2 = 421
58 5 = 559
44 5 < 211
58 12 < 470
7 8 = 542
7 12 = 474
17 10 > 657
46 13 < 620
27 10 > 37
39 10 < 439
49 6 > 950
8 6 > 767
11 13 > 616
28 10 > 305
31 3 = 234
51 5 < 264
35 8 > 546
40 10 > 918
7 13 > 620
51 4 < 950
5 6 < 764
42 9 > 110
27 4 > 507
32 5 > 875
22 1 = 201
41 9 < 727
4 13 > 629
45 13 = 629
50 8 > 539
5 13 = 630
56 1 < 280
24 3 = 738
49 11 < 619
54 12 > 468
19 11 < 619
55 11 = 626
31 8 > 539
38 2 = 423
25 10 < 695
38 4 > 114
31 10 > 728
26 13 = 620
40 1 < 528
23 6 = 905
18 13 > 623
8 3 < 979
36 8 = 543
32 4 > 753
30 7 = 881
52 4 = 59
38 6 > 956
57 12 < 475
52 1 = 79
18 3 > 818
17 3 > 902
54 5 < 467
12 12 < 475
6 12 > 459
55 9 = 235
44 3 < 776
60 13 = 630
58 1 = 487
57 9 = 474
56 2 > 419
53 5 < 657
49 13 > 632
30 2 > 436
45 9 = 382
33 9 < 793
7 13 > 626
2 6 = 907
26 10 = 861
10 11 > 622
35 7 = 706

39 16
6953 6629 7489 7751 6871 6677 7406 7363 6703 7290 7677 7331 6617 7415 7447 6789 7118 7930 7398 6872 7025 6783 6875 6845 7291 6814 6775 7038 7242 6719 6736 7318 7457 6787 6589 7416 6848 7657 7496
5755 8194 15047 30004 13611 27311 15365 31317 1324 4967 29250 9048 27255 19656 31962 7371
43
0 6 > 307
0 0 < 821
16 3 < 539
0 12 = 232
1 4 = 710
28 13 = 587
0 5 = 349
27 8 = 803
0 12 < 233
0 10 < 263
0 9 < 84
36 6 > 377
34 6 = 583
19 7 = 446
25 8 > 501
0 6 > 582
0 6 > 582
5 13 > 264
0 4 > 709
0 11 = 750
0 16 = 189
10 7 = 424
0 8 > 802
17 15 > 806
0 15 > 818
13 15 < 820
0 10 < 222
39 12 = 232
0 2 < 404
19 11 = 750
0 10 > 11
0 12 < 233
0 8 = 803
0 14 = 504
13 6 > 715
0 4 > 709
34 6 = 583
0 13 > 586
21 8 < 804
0 1 < 293
2 11 < 751
29 15 > 819
24 7 < 268

44 13
5405 6812 2235 7692 7379 6467 4788 6590 6389 4030 5712 6468 7150 6982 6281 5886 5749 6401 6469 6808 8051 6161 6689 6526 7405 8415 6465 1768 8157 8366 5487 6558 5300 6033 6258 7737 5841 5037 5596 7391 7251 5406 7257 5610
25410 20801 17922 20480 21161 19322 23066 23620 22312 19536 22378 18759 21691
332
42 6 < 236
32 12 = 710
14 9 < 16
40 11 = 317
1 1 < 956
18 3 = 15
44 7 = 940
26 3 = 977
43 13 > 307
22 9 = 43
3 7 = 366
20 12 = 741
37 9 > 134
23 3 > 632
22 6 = 518
35 5 = 567
26 2 > 265
5 3 = 265
15 6 > 680
24 9 < 541
23 11 = 426
37 5 < 300
28 0 = 136
9 8 > 665
31 5 = 510
5 2 = 747
10 11 = 474
31 12 = 125
31 7 < 621
38 8 = 416
38 13 < 451
14 10 < 450
9 8 > 774
9 2 < 776
38 6 < 697
5 2 > 746
9 13 > 605
9 6 = 86
2 2 > 144
4 7 > 62
23 6 = 674
10 0 < 475
24 9 > 332
41 7 = 759
35 13 < 210
8 1 = 645
43 8 > 141
15 2 > 824
25 7 > 936
29 13 > 932
32 13 < 842
21 0 > 287
40 13 = 836
39 8 > 33
2 13 = 716
31 5 > 509
30 9 = 928
33 6 < 350
28 6 = 136
25 11 > 554
2 9 > 482
17 5 < 888
39 1 > 472
42 5 > 700
28 13 = 136
11 12 < 642
36 3 < 922
18 3 < 16
44 9 < 234
9 3 = 148
42 9 = 946
34 1 > 299
1 9 = 564
22 7 > 723
41 2 > 996
34 11 > 609
19 13 < 712
44 11 < 21
43 12 < 376
23 10 < 180
22 10 < 956
6 5 > 608
30 3 > 776
18 7 < 206
25 10 < 351
14 7 > 414
12 7 < 582
16 11 < 705
8 6 > 446
16 6 = 203
38 2 = 204
4 1 > 174
27 8 < 593
29 13 > 987
2 6 < 214
44 11 > 7
32 13 = 382
36 1 > 445
5 4 = 756
4 2 = 668
20 1 = 603
17 6 = 235
17 7 < 691
12 5 = 251
43 7 = 737
1 4 = 36
12 12 < 636
39 12 < 27
3 7 > 365
39 6 < 944
3 6 < 915
39 4 = 569
21 13 > 321
3 9 < 741
12 4 < 90
18 3 < 16
18 11 < 870
27 12 < 719
23 10 < 59
37 3 < 775
16 11 < 467
43 3 = 575
11 12 = 22
4 8 < 815
15 13 = 117
13 3 = 792
36 2 < 357
32 5 < 444
20 12 > 740
5 2 > 746
44 4 < 437
14 13 > 354
38 4 < 46
8 9 < 540
28 2 > 135
8 9 > 104
25 6 = 397
14 2 < 736
31 4 = 488
16 5 < 405
32 3 = 348
9 4 < 673
41 4 < 705
38 13 > 125
27 7 < 112
8 12 < 269
29 8 = 756
18 2 < 592
6 5 = 989
1 7 > 300
4 1 < 737
41 1 > 984
13 3 = 792
24 12 < 874
31 7 > 332
17 3 = 82
17 7 < 586
1 7 < 428
28 4 < 137
25 8 < 340
1 12 < 266
26 3 = 977
22 5 = 831
18 13 > 783
27 7 < 100
11 11 < 182
36 6 = 653
32 13 = 382
39 2 > 893
32 12 > 709
38 8 = 416
10 6 = 305
43 2 < 482
3 0 < 367
41 3 < 725
15 4 > 881
21 5 > 955
9 9 < 373
12 7 = 423
23 8 > 104
37 12 > 229
27 4 > 932
16 4 > 384
39 1 = 516
22 3 < 988
38 13 = 378
1 8 > 83
44 3 < 791
17 5 = 538
41 8 > 372
10 6 < 306
37 1 = 826
9 1 > 959
14 10 < 250
6 6 > 584
1 7 < 386
27 8 = 542
24 13 < 323
9 8 < 793
32 2 > 501
12 9 > 487
11 2 > 201
2 9 < 988
20 5 < 172
9 6 = 86
18 3 = 15
16 7 < 801
10 1 < 143
10 7 > 105
18 1 > 812
31 5 < 511
33 10 > 9
11 3 = 70
10 13 < 72
35 3 = 548
11 1 < 316
11 2 < 353
30 4 < 684
13 12 < 2
4 5 < 280
28 3 = 136
29 4 < 569
31 4 > 487
20 1 = 603
23 13 < 673
14 6 < 293
38 8 > 415
17 8 = 360
23 2 = 927
7 3 = 175
19 10 < 977
34 5 > 133
18 7 = 25
28 7 > 135
27 2 < 169
15 6 = 691
41 12 > 676
26 12 > 313
15 9 = 108
6 10 < 234
34 2 = 6
5 6 > 332
7 4 < 399
12 13 > 561
12 10 = 460
4 2 > 667
33 6 < 133
14 8 = 823
42 6 < 220
28 1 < 137
22 2 > 783
3 5 > 35
12 8 > 116
29 7 < 650
38 10 < 835
40 1 < 11
35 13 > 1
2 6 = 9
6 2 < 575
31 9 = 44
43 12 > 231
43 7 < 738
8 10 < 108
19 8 < 630
11 3 < 71
44 9 > 222
6 9 = 178
11 8 > 922
28 12 > 135
33 4 = 727
35 2 = 143
26 0 < 978
13 9 = 853
28 13 < 137
37 11 = 303
21 8 > 869
15 2 < 927
40 13 > 835
25 2 = 796
37 3 = 75
15 4 > 901
32 5 > 25
43 2 = 265
30 9 = 928
36 4 > 371
38 2 < 205
34 8 = 772
19 8 > 256
26 8 = 392
4 7 > 706
15 3 < 639
6 6 > 658
22 10 > 149
15 5 = 255
29 8 = 756
25 7 > 950
22 6 > 517
36 8 > 212
11 8 > 986
16 12 < 398
30 13 < 212
33 4 = 727
28 12 > 135
31 1 < 610
24 4 > 292
12 1 = 958
12 11 > 148
35 11 = 234
42 9 = 946
38 13 < 379
33 4 > 726
43 1 < 887
18 1 = 825
14 8 > 822
15 5 > 254
4 11 > 342
40 12 = 590
42 1 < 316
3 3 < 138
38 7 < 485
21 5 = 963
31 13 = 749
18 2 = 449
43 5 < 657
26 4 = 551
7 6 < 191
3 1 > 59
20 1 > 602
8 11 > 977
4 2 > 667
33 2 < 250
33 1 < 186

93 16
8592 7864 10439 8959 7420 7864 12419 9426 8956 8492 10078 10220 8589 9591 8451 8978 10228 7825 7336 9332 8934 10781 5416 13566 13254 8399 8449 8726 8032 13306 8860 5476 7906 6787 8132 9070 10158 7576 8239 7264 6295 7755 8782 9158 13105 13498 7744 6013 7920 6481 9178 8449 7690 9417 7927 6882 9738 8036 8177 6161 9001 9537 6692 6325 9128 9133 10706 9151 8882 6915 7328 7181 7075 10161 13691 8364 9484 8479 13196 7764 9224 8370 10856 8339 10784 7744 8730 7860 10255 13028 8831 9073 10610
62291 56346 48422 47386 46695 43682 48342 46660 48427 48673 50742 52982 49955 64262 49029 65799
192
41 6 < 142
0 1 > 542
19 14 = 723
53 4 < 341
71 13 > 293
52 12 > 435
67 8 = 602
77 11 < 826
69 13 = 55
29 11 > 781
0 16 > 402
26 12 < 217
65 12 = 238
87 5 = 936
0 15 < 1001
0 10 < 978
13 16 > 933
39 0 < 919
25 0 > 682
76 16 = 422
81 12 < 689
0 14 = 714
90 0 > 713
18 12 > 941
93 6 > 121
13 3 = 346
87 4 > 30
19 9 < 178
17 13 > 306
36 9 > 979
92 6 < 21
19 1 = 784
70 6 < 541
32 9 < 178
25 15 > 674
35 16 > 507
19 12 < 514
31 3 < 763
75 0 > 722
44 13 > 586
5 15 < 695
0 1 < 791
74 5 = 82
54 15 < 812
32 16 < 1001
93 15 = 868
93 2 < 884
54 10 < 587
21 12 > 436
2 16 < 1001
54 11 > 411
31 3 < 9
87 1 < 536
75 7 > 931
20 11 < 642
69 5 > 146
88 13 > 300
74 9 < 293
17 4 = 276
56 10 > 531
6 5 > 401
89 6 > 136
82 3 = 854
59 15 > 468
65 13 > 109
18 5 < 265
7 0 > 717
48 0 < 723
62 8 < 637
37 6 < 463
10 4 = 796
62 5 > 608
88 4 < 402
26 13 > 477
32 4 = 34
91 5 < 822
39 12 < 652
86 6 < 338
60 0 < 707
66 16 > 972
79 0 > 719
2 5 = 88
54 14 > 708
2 4 = 560
28 1 = 664
28 11 = 528
16 1 < 778
18 13 = 121
56 14 < 719
46 0 > 720
40 8 < 568
6 6 > 968
3 1 > 695
8 13 > 202
47 16 < 498
47 4 = 372
61 9 = 249
70 15 = 135
19 13 = 246
21 1 > 611
83 0 = 704
61 4 = 835
50 6 < 779
71 10 > 777
36 8 = 575
69 9 < 698
85 3 > 901
52 7 = 2
35 10 > 67
77 8 > 538
32 16 = 542
14 10 = 235
26 4 > 635
59 13 < 67
12 15 > 581
18 8 = 148
14 2 = 933
78 10 > 26
48 7 = 467
37 11 > 768
31 12 = 473
45 10 < 755
25 3 = 1000
63 16 > 562
35 16 < 645
50 0 < 718
89 6 > 628
4 12 > 502
74 16 > 547
23 1 = 792
73 1 > 550
24 0 > 710
68 9 > 529
73 8 > 637
52 6 > 281
27 8 = 449
85 5 < 550
3 2 = 378
45 0 > 708
62 10 > 949
56 9 < 735
15 6 > 925
85 6 = 391
35 2 > 853
78 4 = 310
84 1 > 702
72 10 > 882
16 6 < 783
56 7 < 185
83 16 < 710
4 9 = 563
87 16 > 714
81 15 > 520
64 12 = 114
68 4 > 255
49 15 < 788
77 9 < 634
48 6 < 349
38 6 = 443
82 16 = 670
55 1 = 665
65 16 < 593
39 11 = 768
9 6 < 784
30 0 > 714
50 11 > 640
17 5 = 389
91 6 = 387
63 0 < 710
31 13 > 857
7 12 < 822
24 16 = 869
80 3 < 759
27 8 = 459
54 1 = 709
47 1 = 754
19 3 > 801
42 9 > 257
84 12 = 736
71 3 > 463
9 7 < 50
65 11 < 557
75 10 > 915
44 12 < 116
10 2 = 761
12 14 < 715
18 14 < 720
90 14 < 706
30 8 < 970
47 3 < 588
84 8 < 451
83 8 > 713

48 20
19156 19272 19181 19118 19263 19163 19132 19211 19343 19126 19229 19309 19423 19307 19095 19470 19328 19326 19142 19128 19205 19290 19158 19245 19072 19169 19264 19161 19383 19317 19020 19340 19151 19316 19342 19307 19456 19110 19390 19202 19133 19276 19251 19255 19716 19269 19414 19778
46427 46346 46313 46309 46235 46280 46366 46111 46175 46310 46059 46333 45936 46203 46361 46149 46053 46165 46296 46285
6
0 0 > 766
1 0 > 902
0 0 > 924
31 0 = 951
45 0 > 956
48 0 > 976

76 20
9296 9313 8227 7551 9072 10540 7926 10163 10515 9819 10049 7500 8299 10700 11672 12739 11697 10328 8628 8997 11310 9842 9053 10143 8913 9679 9746 10314 11218 9721 7573 8934 10929 8978 9732 10546 9413 9271 9087 9824 9754 10680 7236 10824 9767 9255 8477 9154 9978 8762 9382 11123 9674 9943 11598 9462 10265 10501 9421 10060 7565 9199 9296 10403 8471 7277 7836 8464 9814 8826 9200 9183 10258 9592 8982 7695
26052 39729 8538 35848 70532 32901 38757 39062 33487 38742 51398 37721 46906 10569 39091 38184 24174 38633 36072 38238
547
50 5 > 653
69 15 > 313
29 19 = 456
22 0 > 235
26 15 > 146
21 20 > 388
74 2 > 697
69 10 = 541
56 5 = 887
0 11 = 731
61 18 < 460
35 11 = 736
73 7 > 962
0 1 = 294
47 14 < 896
41 5 > 173
76 1 = 286
64 15 > 329
5 11 = 730
0 5 > 893
61 5 = 908
0 14 < 268
8 12 > 526
17 5 > 999
20 3 < 250
14 1 < 294
22 20 < 444
6 17 = 285
76 11 < 739
0 3 < 239
62 20 = 531
5 19 > 223
75 15 < 302
40 14 > 255
67 16 = 553
61 15 < 845
42 9 = 219
49 9 < 759
34 18 > 400
8 2 > 573
17 18 > 707
29 12 > 616
12 10 = 406
29 19 = 459
16 5 < 958
50 15 > 842
20 5 = 978
23 11 < 738
15 11 > 720
62 15 > 999
57 17 > 225
65 16 < 165
8 7 = 985
11 2 > 999
30 11 = 735
34 11 < 740
27 5 = 983
22 16 < 316
66 16 > 958
50 1 > 296
68 18 = 47
4 18 < 473
43 5 > 986
69 11 > 735
14 8 = 712
47 5 > 935
29 12 > 888
26 3 > 144
73 5 = 967
46 2 < 564
49 16 > 604
0 17 = 277
70 1 > 296
60 11 = 733
32 15 = 230
56 13 < 790
43 3 < 1
21 6 > 319
32 18 > 344
48 17 > 270
43 6 < 978
47 14 < 219
67 12 < 256
14 9 < 748
29 9 > 436
3 14 < 227
21 15 > 406
20 4 > 386
16 1 > 302
54 8 = 767
11 13 < 713
0 13 = 646
28 15 > 578
9 2 > 224
68 13 = 636
67 4 = 607
74 18 > 429
71 6 < 379
57 4 > 93
71 4 = 64
53 8 = 12
41 14 < 200
41 3 = 189
23 7 > 403
37 5 > 897
33 19 = 0
32 11 < 730
9 14 > 73
47 2 = 676
37 20 < 360
19 6 = 394
33 8 < 699
74 14 = 162
58 10 = 635
40 11 > 735
9 14 > 115
52 12 > 946
62 16 = 13
46 5 > 944
12 5 < 902
30 5 > 918
33 20 > 9
58 5 = 956
36 7 < 513
55 7 > 652
53 20 = 813
58 4 > 174
22 2 = 511
9 15 > 222
58 19 = 331
27 11 < 735
61 6 = 0
63 16 < 986
57 14 = 176
23 9 = 766
38 11 = 741
74 11 = 722
40 15 = 132
2 12 < 253
48 13 < 655
20 9 = 438
19 6 < 401
57 6 < 155
45 8 = 542
8 13 < 643
54 17 > 277
22 9 > 377
4 15 < 52
2 20 = 63
56 19 = 948
14 16 = 648
63 17 > 267
23 5 > 972
5 16 = 813
12 12 < 821
66 10 < 651
56 15 = 935
58 13 > 647
58 9 = 262
73 4 > 938
71 12 < 308
74 7 = 561
67 8 < 88
50 3 = 136
69 1 > 297
30 4 = 207
14 9 < 603
63 19 < 179
2 4 < 738
44 3 > 102
42 17 < 276
40 3 = 139
46 12 < 139
54 6 = 7
29 10 = 852
2 12 < 2
68 7 < 130
16 18 > 196
75 20 > 123
13 15 = 884
13 10 < 3
3 7 > 296
18 18 = 688
67 2 = 767
19 19 > 922
7 9 < 504
3 11 = 739
28 19 < 454
28 14 = 5
38 19 = 77
44 19 = 603
54 15 = 785
43 8 > 338
70 13 > 652
39 19 < 238
48 1 < 297
7 13 > 650
16 18 < 551
50 19 = 151
16 19 > 727
65 20 = 270
25 2 = 665
14 6 < 169
46 15 > 998
76 15 < 648
29 18 < 972
38 13 > 643
48 20 < 916
67 6 < 334
51 4 < 200
65 5 > 999
31 4 < 7
46 2 < 270
50 12 > 578
58 11 > 738
75 20 = 913
41 4 < 292
73 10 < 952
53 13 < 653
10 12 < 728
6 19 = 672
21 18 > 453
68 6 < 315
26 9 < 365
17 7 = 957
60 17 < 286
55 19 = 43
72 20 > 696
74 17 = 284
35 4 < 864
50 10 = 335
61 6 = 8
5 8 < 487
15 1 < 301
7 15 < 131
5 9 > 848
8 14 = 262
36 15 < 205
72 15 = 230
28 15 < 682
19 16 = 513
72 4 < 277
19 1 > 283
31 1 > 299
6 18 > 812
4 16 = 202
21 8 = 623
36 7 > 131
38 4 = 485
3 1 < 287
66 10 = 0
61 18 < 350
44 13 < 655
30 15 > 398
72 3 > 141
53 12 = 787
43 11 = 736
69 20 = 627
22 1 < 300
72 8 = 140
62 7 = 0
68 7 = 124
4 16 > 208
61 20 = 221
51 3 < 247
13 18 > 494
14 5 < 935
75 15 = 104
21 7 > 999
29 15 > 368
3 19 < 79
5 6 < 460
62 9 < 993
70 10 > 77
57 5 = 1000
9 2 = 999
12 13 > 647
12 11 < 732
74 12 = 593
69 4 > 427
38 12 = 684
41 11 > 726
6 5 < 924
35 12 < 667
23 1 = 293
31 12 < 121
26 17 > 280
48 6 = 87
29 14 < 63
74 1 > 297
45 16 = 998
68 9 > 566
23 17 = 280
21 7 > 992
68 7 < 130
54 7 < 352
7 4 < 282
23 18 < 217
75 3 < 217
74 19 = 331
62 4 < 589
42 5 > 965
50 4 < 678
35 14 < 60
6 9 = 720
59 18 = 61
14 16 > 655
34 10 < 742
61 8 < 273
31 5 = 900
36 19 = 800
35 3 < 54
6 13 = 656
31 6 = 158
12 19 < 30
71 16 < 819
54 18 = 281
76 17 = 283
3 13 < 642
75 7 < 114
64 15 > 642
2 7 = 991
3 6 < 2
6 16 = 353
67 1 > 295
7 4 < 27
39 15 = 23
63 8 < 1
31 11 = 726
4 8 > 8
47 13 = 641
35 8 = 952
41 7 = 181
13 4 > 143
22 16 = 314
21 8 < 634
28 10 < 749
26 1 < 291
43 16 < 134
19 15 < 214
16 4 > 958
5 3 < 212
59 6 < 224
60 3 < 130
51 15 = 169
22 9 = 904
21 14 = 150
44 14 = 214
70 5 > 993
24 19 > 692
63 17 > 282
76 5 < 889
2 6 < 806
33 10 > 228
44 19 < 605
74 19 > 336
41 8 < 532
51 19 < 107
14 17 < 273
66 15 < 874
66 16 < 955
21 8 > 628
21 17 > 266
54 6 > 3
71 4 > 56
37 1 = 302
46 2 < 127
34 6 = 651
25 8 < 436
17 3 < 155
19 11 = 736
49 19 > 11
28 17 > 285
22 7 = 555
73 12 < 162
62 8 = 1000
22 12 < 609
48 9 < 306
12 11 = 741
65 4 > 162
20 13 > 635
60 20 = 781
50 14 < 36
20 16 < 323
1 18 > 205
34 15 = 1000
58 9 > 261
56 6 < 214
56 15 > 934
67 18 < 265
47 12 = 535
66 19 < 114
2 13 > 649
59 10 > 289
1 20 = 840
46 5 > 971
73 20 > 356
15 5 < 956
1 20 > 831
51 16 > 228
73 6 = 455
65 7 = 268
22 19 = 302
2 3 < 59
4 13 < 637
56 20 = 415
5 2 = 554
24 16 < 804
74 15 < 73
49 16 > 833
22 2 < 520
22 7 > 564
19 6 > 395
61 17 > 268
53 4 > 394
72 8 > 148
25 17 = 281
22 8 = 876
32 10 > 341
3 17 > 285
57 19 < 766
24 5 = 986
36 6 > 724
30 12 = 373
38 12 > 679
71 2 < 790
57 3 > 234
18 16 < 355
52 14 < 59
65 12 < 108
12 5 = 884
40 16 < 974
9 12 = 396
26 19 = 667
74 5 = 995
73 16 < 547
16 20 > 373
37 2 > 264
31 8 > 227
71 8 = 930
33 13 < 651
21 15 < 420
7 19 > 909
29 15 < 708
32 13 > 641
25 16 = 69
64 9 = 600
74 16 > 2
57 2 < 1001
18 12 > 835
55 1 = 298
65 11 < 731
30 12 < 371
32 19 = 598
15 19 > 80
68 11 = 738
70 17 > 269
58 2 > 261
76 7 < 10
17 2 = 970
9 6 = 685
6 1 = 287
60 19 > 276
1 14 > 47
7 3 = 30
65 3 = 122
3 7 > 751
40 1 < 286
49 7 < 404
14 8 < 714
22 9 = 906
72 17 = 274
69 15 = 419
47 10 < 977
57 13 = 655
22 20 < 278
46 15 < 1001
67 19 < 218
6 10 = 732
53 14 = 13
33 13 > 647
17 12 > 947
53 8 = 7
43 8 < 633
20 1 > 298
28 9 > 189
41 6 < 680
5 15 < 690
38 3 = 23
47 15 < 501
50 3 = 126
15 18 = 743
22 6 < 953
73 18 < 430
10 15 < 656
35 9 < 653
70 3 < 23
42 3 = 169
26 5 < 936
75 10 = 508
68 20 = 591
5 9 = 966
33 7 > 999
41 6 > 676
72 12 > 575
76 6 < 402
14 6 = 119
25 12 < 724
71 17 < 269
76 11 > 731
36 16 > 999
12 14 < 276
30 20 < 123
45 12 > 769
20 5 > 987
54 12 = 672
49 3 > 71
54 18 = 291
53 13 < 642
7 8 = 515
24 8 = 716
55 6 > 872
8 19 < 988
61 4 > 135
41 17 < 285
10 9 > 8
54 2 < 891
14 18 = 188
17 4 > 766
24 2 > 734
39 16 = 50
17 16 = 266
40 5 > 923
19 15 = 79
29 3 = 55
66 10 = 0
43 13 = 656
61 12 = 96
47 17 < 278
60 15 < 712
19 14 < 87
45 1 = 287
28 2 = 613
1 8 < 464
18 4 > 75
50 4 = 361
10 11 < 735

114 20
9503 9503 9503 9503 9503 9503 9503 9503 9503 9503 9503 9503 9503 9503 9503 9503 9503 9503 9503 9503 9503 9503 9503 9503 9503 9503 9503 9503 9503 9503 9503 9574 9503 9503 9503 9503 9503 9503 9503 9503 9574 9503 9574 9503 9503 9574 9503 9503 9503 9503 9503 9503 9503 9503 9503 9503 9503 9503 9503 9503 9503 9503 9503 9503 9503 9503 9503 9503 9503 9503 9503 9503 9503 9503 9503 9503 9503 9503 9503 9503 9503 9503 9503 9503 9503 9503 9503 9503 9503 9503 9503 9503 9503 9503 9503 9503 9503 9574 9503 9503 9503 9503 9503 9574 9503 9503 9574 9503 9574 9503 9574 9503 9503 9503
57000 57000 57000 57000 49119 48977 57000 48977 48977 48977 57000 57000 57000 48906 57000 57000 57000 49048 57000 57000
35
0 0 = 429
0 15 > 424
0 0 > 427
0 0 < 430
0 19 < 438
0 0 < 437
46 8 = 435
0 12 < 425
0 16 > 434
0 17 > 425
0 18 > 424
104 18 = 438
0 7 < 439
107 5 > 434
98 10 < 427
0 15 = 423
0 4 > 433
0 11 = 432
102 9 > 420
43 5 = 436
32 5 = 424
0 20 < 420
0 19 < 429
96 7 > 427
0 7 = 437
0 17 = 424
0 1 = 425
109 9 = 419
0 13 > 430
0 2 > 436
0 6 < 438
0 3 < 420
114 8 < 434
41 18 = 424
111 6 = 428

103 20
11237 8844 9186 9509 9583 10739 9476 8559 9458 10869 9552 10456 10577 8969 9304 11411 10595 9392 11380 9775 9748 11802 10066 10343 8994 9074 10488 8973 11762 11800 9938 7569 8793 9835 10438 10309 8384 11269 9855 10025 10962 8335 10716 10146 9006 9637 11650 9901 9455 11489 9369 8883 10452 10945 9949 10014 10872 9148 8413 9672 10860 9420 11058 8903 9414 10777 10327 9017 8063 11415 9954 9622 8356 9261 9207 10270 10019 10261 11670 10204 11819 9271 9827 10253 10856 10818 9586 11507 10296 9081 11184 10427 9093 12223 10288 10072 10508 9938 12102 10911 10845 8143 8525
96717 50590 73259 53200 12517 47099 52430 1545 54103 55769 824 52796 50341 53560 49266 21218 50975 100662 53130 103000
574
62 19 < 748
32 6 > 5
84 12 = 738
55 5 < 706
59 3 > 229
91 9 > 332
0 5 < 238
53 14 = 290
30 18 > 868
0 3 > 405
88 9 < 949
33 2 < 546
0 1 > 184
45 4 < 130
0 8 < 22
61 15 = 66
39 11 < 27
80 2 < 13
89 4 > 791
21 13 > 10
90 14 < 729
101 2 = 485
62 8 > 11
80 17 > 82
0 16 > 123
91 7 > 31
70 6 < 468
17 14 = 547
6 2 > 126
94 9 < 215
102 20 > 980
11 12 = 48
76 14 = 962
38 7 > 707
100 17 > 236
80 2 < 7
52 5 < 107
19 6 > 626
27 1 > 251
81 7 < 834
85 10 = 87
0 18 > 955
67 10 = 514
0 1 = 939
60 16 = 206
87 5 < 150
90 9 = 522
85 19 > 494
76 18 < 970
84 3 > 658
28 9 < 288
75 15 > 55
67 2 > 45
5 6 > 411
0 16 = 206
82 4 < 508
55 16 > 205
0 20 > 998
94 16 > 205
37 7 = 672
71 16 < 207
99 16 > 205
82 12 < 481
54 5 = 186
23 5 < 152
29 20 > 998
24 14 = 861
2 15 > 306
25 12 = 15
3 9 < 716
102 12 > 339
66 9 > 394
98 5 > 103
70 13 = 337
34 18 < 964
87 8 > 2
91 13 > 891
55 14 > 628
19 13 > 510
82 19 > 803
66 6 = 954
35 1 < 940
35 8 > 9
35 10 = 126
48 8 = 15
81 19 > 505
69 16 < 207
63 10 = 486
66 19 > 865
11 9 < 404
29 15 < 666
79 16 < 207
48 18 > 958
85 14 = 203
24 15 > 617
94 16 = 206
29 13 < 40
61 5 = 76
101 6 = 668
64 7 = 90
55 11 < 809
11 9 = 180
59 15 < 159
73 20 = 1000
70 5 > 228
86 2 > 153
13 17 > 811
70 2 > 732
23 5 < 55
53 17 = 654
50 5 < 34
86 2 = 885
34 16 > 205
14 16 > 205
0 8 = 15
66 12 < 660
37 4 > 224
46 13 = 198
46 5 > 149
28 3 < 991
84 13 > 935
51 14 > 19
94 7 = 479
101 3 = 440
44 17 > 988
101 8 < 16
46 15 < 927
27 19 > 458
95 5 = 206
8 12 < 225
83 3 > 809
40 12 = 544
81 7 > 676
24 5 < 90
71 20 > 998
47 15 < 369
40 19 = 821
73 17 < 108
91 20 < 1001
0 20 = 1000
22 11 < 576
4 8 < 16
56 8 = 15
36 1 = 939
36 10 < 522
55 3 = 598
100 6 < 494
76 12 = 821
14 11 < 276
20 2 > 42
0 11 = 8
85 15 > 981
85 8 = 15
91 4 > 405
47 11 > 7
92 13 = 429
73 11 = 8
41 10 = 913
78 18 > 996
94 18 < 977
40 11 > 7
43 14 > 273
66 12 = 577
9 15 = 12
33 11 < 9
97 20 < 1001
58 20 > 999
4 14 = 78
56 13 = 867
100 19 < 825
90 17 = 120
47 5 > 69
99 11 > 7
66 16 < 207
73 18 < 979
32 1 > 938
77 13 > 252
27 8 < 16
0 16 = 206
65 2 > 9
25 4 < 47
7 18 > 989
26 8 = 15
87 13 < 289
46 13 > 197
95 4 > 801
48 19 < 8
71 11 < 9
41 5 = 20
16 15 < 760
3 13 = 497
95 8 > 14
69 6 > 90
28 12 < 815
32 5 = 125
82 17 < 895
29 15 > 398
79 9 < 589
14 8 < 16
20 1 = 939
100 15 > 174
57 7 > 14
44 3 > 770
50 3 < 837
33 9 = 691
11 2 = 966
4 14 < 79
35 16 > 205
31 14 > 399
53 7 = 954
87 14 < 475
100 3 < 724
94 11 > 7
49 1 = 939
53 18 < 993
41 17 = 853
49 13 < 73
65 12 < 946
70 15 = 416
43 5 > 54
70 19 < 517
0 8 > 14
79 20 = 1000
100 16 = 206
9 20 < 1001
40 15 = 995
91 4 < 650
70 10 > 960
77 6 < 73
9 6 < 198
55 14 < 878
93 13 = 446
78 12 = 381
90 9 > 521
43 14 < 720
60 15 < 8
52 20 > 999
44 16 > 205
74 8 < 16
14 10 = 11
12 9 > 201
65 4 = 403
73 17 = 36
95 17 < 24
36 20 > 999
99 12 < 968
79 15 = 843
57 2 > 384
21 1 > 938
65 4 < 404
11 12 = 48
61 20 > 999
68 12 = 275
46 3 < 944
57 1 > 938
97 8 > 14
46 14 < 679
49 17 < 392
41 9 < 861
5 11 < 9
49 4 = 882
46 12 > 837
24 18 = 960
0 16 > 205
83 7 < 510
9 11 = 8
103 10 > 429
93 15 < 951
66 17 < 659
56 8 < 16
74 5 = 12
2 10 < 13
100 9 = 465
12 5 < 87
42 11 > 7
3 10 < 598
0 16 < 207
53 9 = 967
42 15 < 443
13 5 = 33
0 16 > 205
25 5 < 113
62 7 > 421
93 12 = 647
59 2 = 366
56 15 < 215
91 4 > 485
99 11 > 7
38 10 > 741
71 9 < 2
61 7 > 674
3 1 < 940
11 3 = 595
42 18 > 957
10 17 = 784
73 6 = 98
33 15 = 201
49 19 > 612
3 1 > 938
13 13 < 873
59 6 > 685
86 4 > 653
0 20 < 1001
81 2 < 421
102 13 = 108
49 17 < 325
22 12 > 789
27 19 = 932
90 18 > 974
15 3 = 828
0 1 = 939
71 12 = 107
92 1 = 939
44 5 < 49
72 9 < 516
74 20 < 1001
57 6 = 634
99 1 = 939
72 14 < 330
23 11 < 9
19 14 > 785
5 5 > 226
51 10 < 566
20 16 > 205
48 17 = 570
9 20 > 999
15 19 > 764
68 11 = 8
28 18 = 999
98 14 > 183
0 8 = 15
67 16 > 205
36 8 = 15
3 12 = 147
22 12 = 833
50 18 = 996
102 16 < 207
3 18 > 964
41 8 < 16
90 6 > 42
57 17 > 178
77 17 = 144
100 14 > 692
0 20 < 1001
29 9 > 49
91 2 = 346
59 20 < 1001
96 7 < 616
82 9 > 911
88 20 > 999
10 9 < 395
60 19 < 450
99 1 = 939
90 12 < 681
53 5 = 64
11 1 < 940
14 19 < 766
96 18 < 991
53 6 > 679
52 4 = 474
81 6 > 730
44 1 = 939
98 9 > 605
48 2 = 106
98 5 > 179
72 8 > 14
60 9 < 830
81 7 < 727
100 6 > 125
61 15 = 66
88 19 < 627
38 19 < 684
79 3 < 747
46 1 < 940
45 5 < 234
18 13 = 680
72 14 = 134
13 7 = 111
78 13 = 880
84 10 = 707
11 12 > 47
33 12 < 30
67 16 > 205
8 8 < 16
19 12 > 718
77 7 > 759
16 3 > 834
74 11 < 9
17 1 = 939
39 6 = 445
37 4 = 684
36 1 = 939
58 19 > 11
90 16 < 207
16 19 < 890
33 12 = 12
89 5 > 168
91 16 > 205
6 15 > 810
70 4 > 112
101 5 > 167
1 3 < 952
61 2 < 778
5 15 < 898
74 1 > 938
2 8 < 16
100 17 = 703
9 11 = 8
67 11 > 7
2 8 > 14
82 5 > 24
46 15 < 104
101 9 > 898
75 19 < 519
0 11 = 8
21 20 > 999
7 8 > 14
90 1 > 938
52 4 = 474
31 1 = 939
0 11 < 9
6 15 < 834
77 18 = 979
30 13 = 63
19 14 = 966
69 19 < 843
56 17 < 580
54 5 = 186
12 6 > 906
73 18 < 967
78 16 < 207
54 17 = 671
0 16 > 205
26 3 = 449
37 20 < 1001
82 17 = 88
74 17 < 732
29 19 = 885
5 11 < 9
36 5 < 39
70 7 = 107
94 11 = 8
86 19 < 718
48 20 > 999
57 11 > 7
100 8 > 14
54 19 > 952
5 2 = 816
49 8 > 14
47 3 = 710
0 11 > 7
15 4 < 874
81 11 > 7
34 9 < 698
39 18 < 977
7 5 < 20
6 3 < 535
95 11 < 9
62 2 > 688
88 13 = 931
95 19 = 606
51 20 < 1001
74 16 > 205
94 17 < 647
99 18 < 974
80 8 < 16
34 3 = 986
44 5 < 48
42 12 > 503
6 4 < 326
83 18 < 958
72 18 < 979
63 7 > 392
7 9 = 409
36 9 > 647
68 9 < 617
17 14 = 547
46 7 = 135
8 14 < 273
11 20 < 1001
21 2 < 791
82 3 = 592
39 16 = 206
93 10 = 399
66 1 = 939
44 13 = 404
2 19 = 363
4 4 < 163
9 13 = 646
12 10 < 265
0 16 < 207
66 12 = 577
43 12 < 978
96 17 < 46
27 5 = 63
58 20 < 1001
4 20 < 1001
47 9 > 655
4 4 = 86
8 5 > 104
63 1 = 939
44 10 < 930
58 3 > 793
74 17 = 333
10 16 > 205
11 11 < 9
19 19 > 966
62 10 > 968
63 4 = 443
71 15 > 364
0 8 > 14
1 14 > 341
0 11 < 9
64 1 < 940
72 5 < 65
21 14 = 534
102 13 = 108
51 13 < 8
33 19 < 673
89 2 > 742
1 16 < 207
23 6 = 871
32 2 = 430
0 20 < 1001
64 9 = 550
20 5 < 66
86 5 > 173
59 14 < 74
24 8 = 15
59 6 < 904
34 20 > 999
9 7 > 307
0 8 > 14
0 8 < 16
20 1 = 939
82 8 > 14
63 9 > 717
56 18 > 956
65 20 < 1001
89 18 = 983
29 10 > 845
61 9 < 649
2 6 = 401
5 5 < 235
91 7 > 202
0 20 < 1001
3 15 = 223
68 13 = 170
54 17 < 672
96 4 > 961
32 10 > 207
38 14 > 240
31 7 = 98
40 20 < 1001
24 9 < 408
65 4 = 403
67 13 < 781
95 4 > 875
33 2 = 139
51 1 < 940
93 5 < 81
77 12 > 530
4 3 > 936
59 18 > 967
58 18 < 975
81 20 < 1001
80 17 = 747
89 5 > 199
30 3 = 828
27 14 = 881
77 18 = 979
4 2 > 929
39 13 > 326
50 12 = 826

111 20
11292 11360 10000 10000 10000 11360 11360 11360 11360 11360 11156 10000 10000 11224 11360 11292 11360 11292 11360 11360 10000 11360 10000 10000 11292 11360 11360 11224 11292 11292 11360 11360 10000 11360 11360 10000 11292 10000 11360 10000 11360 10000 11360 11360 11360 11292 11360 11360 10000 11292 10000 11360 10000 11360 11360 11360 10000 11360 11156 11360 11292 11360 11292 11360 10000 11360 11360 10000 11360 11360 10000 10000 10000 10000 11360 11292 11360 11360 11156 10000 10000 10000 11360 10000 11292 11292 10000 11360 10000 11360 11360 10000 10000 10000 10000 11292 11360 10000 11360 11360 11360 11292 10000 11156 11360 10000 11224 10000 10000 11292 11360
60328 60328 60464 60396 60328 60396 60328 60464 60192 60396 60328 60124 60396 60328 60396 60328 60464 60396 60260 60260
116
0 0 = 568
18 0 < 574
109 0 < 560
79 1 < 567
81 0 = 578
4 0 = 558
61 20 > 569
99 0 < 575
11 20 < 562
79 2 = 578
1 19 = 561
86 13 = 566
104 0 > 561
5 0 > 562
92 0 < 567
71 0 < 566
93 0 = 566
13 0 > 571
16 14 > 572
51 12 > 562
59 0 > 562
80 0 < 562
23 0 = 561
65 0 > 568
74 0 < 567
37 0 < 574
38 0 = 575
39 0 < 571
33 0 = 574
89 0 > 568
94 0 = 559
79 20 > 568
101 0 > 563
18 5 < 565
48 0 > 559
103 0 = 572
40 0 > 567
67 8 > 563
51 0 = 562
48 15 > 566
88 0 > 558
22 0 > 567
56 0 < 579
76 12 = 574
73 10 < 569
72 0 > 576
85 0 > 559
104 9 = 576
84 0 = 569
87 0 = 566
104 10 > 569
29 11 = 566
107 9 < 562
106 0 = 562
3 11 < 575
73 0 < 560
107 18 > 560
56 0 < 573
14 7 = 560
57 0 > 561
47 13 < 571
59 19 = 572
64 4 > 559
108 0 < 565
98 0 > 573
95 0 < 577
5 0 > 570
40 0 = 569
27 7 > 557
70 11 > 561
14 1 < 568
11 9 = 567
49 0 = 559
12 0 > 559
85 12 < 565
12 0 = 565
102 16 = 561
104 7 > 572
95 0 > 573
66 0 > 565
44 0 = 568
57 0 = 566
7 19 < 569
68 0 = 568
105 3 > 567
50 19 > 571
68 0 = 566
91 5 > 562
21 0 > 571
30 18 = 566
3 0 > 568
60 12 > 558
76 18 > 567
42 0 > 565
28 14 = 559
63 12 = 567
6 10 < 579
7 0 < 578
24 0 = 575
110 2 < 565
107 6 = 572
53 0 = 565
59 12 = 563
59 11 = 570
25 9 = 564
42 0 < 568
105 0 > 558
37 5 = 559
64 18 = 568
26 12 > 562
11 15 = 578
36 0 > 570
46 12 = 562
96 16 < 561
82 0 < 566
28 4 > 575

76 20
12200 10340 12010 15584 10889 12457 13197 12336 10682 10586 12706 10798 10508 12167 11349 11082 12058 12069 10765 11182 11076 10753 11961 11254 12858 11634 11851 11263 11257 12010 12096 10912 11628 11508 10822 12236 11298 10472 12260 10842 10331 10874 11135 10421 10644 10622 11185 12108 9746 12752 10819 10580 11575 11041 11465 12737 12807 9900 12239 9791 10653 11973 11854 11271 11031 11373 12383 11664 11662 13892 11704 12622 11915 10648 10644 11369
57988 57380 61274 32632 30113 61484 32036 59280 32001 32368 29416 31157 30259 58368 30760 59812 59523 60876 29930 27729
77
6 0 > 336
4 0 > 738
67 6 = 809
0 0 < 810
34 11 > 132
0 8 > 777
0 1 = 763
74 3 > 209
0 1 = 763
0 16 > 783
21 5 = 530
27 19 < 152
0 16 > 786
46 12 < 199
0 16 < 800
21 7 < 710
0 17 > 777
31 10 = 338
0 17 < 791
0 2 < 801
0 14 = 768
0 3 > 787
0 18 > 798
0 8 < 806
29 5 = 475
0 2 = 755
38 1 < 764
0 14 = 768
18 15 > 531
10 11 > 241
43 2 > 754
71 19 = 517
0 18 = 801
5 4 = 254
0 1 > 762
5 2 = 755
0 3 > 803
66 13 < 151
14 4 > 663
0 1 = 763
46 12 > 2
0 2 > 754
0 18 > 800
0 16 < 790
61 11 < 47
0 1 < 764
0 6 = 809
0 8 = 780
28 17 = 787
0 14 < 769
44 4 < 456
14 10 < 747
2 13 < 362
0 2 = 755
3 11 > 224
23 5 > 524
68 10 < 534
35 1 > 762
0 16 = 787
36 8 = 780
23 19 < 196
0 1 > 762
0 16 > 786
33 15 = 240
70 11 < 802
15 4 > 156
0 20 < 755
45 1 = 763
61 2 > 754
52 20 = 492
11 4 > 737
56 8 = 780
0 16 = 787
0 1 < 764
12 20 > 580
43 19 > 423
23 11 = 780

97 20
19840 14533 13647 19901 13872 19840 14453 13922 14462 15094 19840 13554 11833 14894 13586 13771 19883 15920 14091 19906 19840 14701 14134 19897 15375 19898 19840 16321 13424 19840 14931 19840 14038 15040 13662 13678 15017 15138 13189 19906 13680 14201 19884 14752 19840 13807 14190 14809 12721 19840 19840 14532 14714 19840 13918 19840 15128 15433 14729 15580 13542 14948 13479 19840 13884 14112 16850 13501 14205 14328 12885 19840 14543 13705 15247 19883 13594 15900 15035 15373 13602 14440 15646 14916 14176 14626 15202 13420 19840 13899 15266 19912 14580 13823 14287 19902 19915
59339 64029 56818 96224 96511 96224 96503 61363 65208 96224 59067 61985 96518 64450 96507 55792 96224 64766 57999 96224
131
72 0 = 992
0 6 = 992
0 15 > 991
60 12 < 991
46 14 = 21
0 13 > 991
68 6 > 991
32 0 = 992
36 1 < 516
0 20 = 992
51 0 = 992
0 17 = 992
0 4 = 992
70 0 < 993
42 9 = 88
81 9 > 23
54 0 < 993
80 0 < 993
49 12 < 779
33 19 > 612
9 15 = 997
72 0 < 993
50 0 = 992
76 0 > 991
0 16 < 993
0 13 > 991
19 18 < 818
19 6 > 991
50 19 > 991
0 13 > 991
61 13 = 996
19 16 < 987
6 5 > 366
20 17 > 991
11 9 > 577
92 16 > 963
0 10 = 992
1 14 > 36
45 0 = 992
17 0 > 991
37 0 < 993
0 7 > 991
24 0 > 991
36 8 < 184
92 0 > 991
33 9 = 89
4 0 > 991
20 0 > 991
60 4 = 992
39 0 < 993
70 1 < 251
55 8 > 83
4 3 = 994
48 7 = 994
39 19 < 517
64 0 > 991
1 0 = 992
3 19 < 753
0 17 = 992
6 0 = 992
3 3 = 420
85 7 > 995
43 0 > 991
0 20 = 992
56 11 > 614
0 20 = 992
29 1 = 415
0 20 = 992
24 4 = 992
33 11 < 596
0 6 > 991
14 7 < 994
87 0 < 993
27 12 > 903
42 2 = 855
47 8 < 509
38 0 < 993
80 0 < 993
28 0 < 993
28 2 = 266
74 4 > 991
44 1 = 0
21 0 = 992
89 6 < 993
75 11 < 913
42 12 > 612
55 16 = 467
0 10 > 991
91 8 > 488
7 8 > 249
1 3 < 993
56 20 > 991
62 19 > 818
96 0 > 991
66 0 < 993
63 17 = 992
22 11 > 395
51 0 > 991
0 4 < 993
27 0 < 993
0 17 > 991
73 3 > 248
50 15 = 992
0 6 > 991
27 0 > 991
26 0 > 991
97 0 > 991
22 20 = 992
46 2 = 373
96 19 < 994
0 6 > 991
0 5 > 991
6 0 = 992
11 0 = 992
50 6 > 991
0 5 > 991
56 0 = 992
54 0 > 991
21 17 = 992
86 1 = 843
30 0 > 991
64 0 < 993
40 0 > 991
89 2 > 990
33 11 > 421
21 0 = 992
30 0 < 993
0 20 = 992
0 17 = 992
89 0 = 992
17 13 > 995

27 20
12040 12040 12040 12040 12040 12040 12040 12040 12040 12040 12040 12040 12040 12040 12040 12040 12040 12040 12040 12040 12040 12040 11904 12040 12040 12040 12040
13500 17172 13500 17172 17172 17172 17172 17036 17172 17172 13500 17172 17172 17172 17172 17172 17172 17172 13500 13500
9
0 0 = 636
0 11 < 646
0 0 < 646
0 3 > 637
0 19 < 629
0 1 < 630
0 11 = 632
23 8 < 633
0 20 > 645

137 20
4326 4634 4423 5410 6618 6600 6429 4509 1962 4307 4375 5312 4947 5403 5265 4588 2760 4481 5339 6216 4191 5678 1829 4158 6245 5695 4844 4841 5353 6133 5638 4396 1932 4842 5932 6356 4839 6282 7405 5454 5106 7172 5555 2760 5036 6040 5598 6755 5116 6960 5357 2760 3832 5176 2145 1909 5130 2760 6207 3652 5947 5692 6058 5787 5770 2760 2760 3711 4547 5001 4232 4552 4494 2276 5725 5492 1909 4550 2760 6867 5033 5447 6294 4344 2760 4537 4936 4389 3778 2760 5543 5868 1975 5750 2760 6332 4005 4429 5214 6860 6392 5954 2139 5807 5247 5006 7082 4487 5192 6885 5336 1731 2754 5654 6725 6311 5191 5637 4572 6721 6404 6550 1976 4267 4896 5483 6276 6270 5247 5233 4773 1840 2760 3972 4240 6060 6835
60031 10201 9931 61884 18906 18906 11047 63494 18906 18906 67131 18906 59018 18906 11217 11051 18906 56279 59118 54038
97
0 17 = 138
0 7 < 764
28 13 > 302
95 0 = 138
123 0 < 139
0 7 < 139
33 0 < 139
88 4 > 351
31 5 > 13
0 12 < 139
133 0 = 138
1 18 > 306
0 10 = 138
0 16 < 139
67 0 > 137
17 0 = 138
130 0 > 137
0 16 < 139
95 0 < 139
63 0 > 137
0 5 = 138
0 6 = 138
0 6 = 138
0 15 < 139
72 8 = 603
0 2 < 139
29 0 > 137
0 15 < 139
66 0 = 138
43 7 < 29
0 12 = 138
79 0 < 139
48 8 > 270
85 0 > 137
9 0 < 139
93 0 < 139
73 16 > 124
39 0 > 137
123 18 < 128
106 19 < 801
64 0 > 137
32 17 < 139
0 3 < 139
115 0 > 137
132 0 < 139
12 18 = 352
77 0 < 139
118 0 > 137
69 7 < 42
7 12 < 139
99 7 < 10
73 17 > 137
0 5 = 138
0 12 < 139
74 0 < 139
58 0 = 138
90 0 = 138
134 5 < 139
0 14 = 138
0 6 = 138
93 19 = 87
112 0 < 139
52 0 = 138
103 10 < 139
128 16 = 108
79 0 = 138
45 16 = 137
101 0 > 137
69 9 < 519
14 0 > 137
85 0 = 138
67 0 < 139
88 9 > 34
0 17 < 139
0 12 = 138
0 14 < 139
56 0 < 139
79 0 > 137
0 5 = 138
0 12 = 138
103 0 < 139
0 9 < 139
0 11 > 137
44 0 = 138
0 14 < 139
0 12 = 138
0 12 > 137
68 1 < 326
101 8 > 758
89 7 > 99
55 0 < 139
23 0 < 139
64 0 > 137
0 9 = 138
0 14 < 139
0 3 < 139
85 1 < 139

128 20
15316 14873 13987 14430 15316 15316 14873 14873 15316 15316 14430 15316 14873 15316 15316 15316 15316 15316 14430 14873 15316 15316 15316 15316 15316 15316 14430 15316 15316 15316 15316 14873 15316 15316 15316 15316 15316 15316 15316 15316 14873 15316 15316 15316 15316 15316 15316 15316 14873 15316 15316 14873 14873 15316 15316 15316 15316 15316 14873 15316 15316 15316 15316 15316 15316 14873 15316 15316 15316 15316 15316 14873 15316 15316 15316 15316 15316 15316 14873 15316 14430 15316 14873 14873 15316 15316 14873 15316 15316 14873 14430 15316 14430 15316 14873 14873 15316 15316 15316 15316 15316 15316 15316 15316 15316 15316 15316 15316 15316 14873 15316 15316 15316 15316 15316 15316 14873 15316 15316 15316 15316 15316 14873 15316 15316 15316 14873 14430
119375 64000 118489 64000 64000 64000 119818 119818 64000 120704 64000 118046 64000 118932 118046 120261 119375 118046 64000 118489
82
0 5 = 946
0 0 = 943
4 12 < 937
0 8 < 954
0 9 > 945
97 10 > 937
0 4 > 943
48 2 > 942
66 15 > 943
73 14 > 936
0 11 > 952
0 13 = 939
84 15 = 953
59 18 = 944
0 2 < 939
87 18 > 952
19 3 = 938
0 19 = 948
27 3 = 937
20 14 = 933
8 20 = 945
83 16 = 939
2 8 = 952
81 20 = 950
72 8 > 950
86 7 > 932
0 1 > 934
78 10 < 951
11 14 = 950
107 8 < 946
32 7 = 944
108 16 < 952
41 18 = 933
93 3 < 936
9 7 < 948
0 6 = 940
90 17 = 953
90 20 > 933
0 1 < 948
81 18 > 949
66 3 > 941
65 15 > 941
53 20 > 948
49 3 = 940
7 12 = 943
96 12 < 935
7 12 < 934
49 12 > 933
63 12 < 953
120 17 < 945
127 14 > 934
113 20 < 947
3 12 = 945
11 17 = 946
86 12 < 945
127 12 = 948
91 1 = 933
110 3 = 950
126 1 < 948
52 17 = 940
3 1 = 936
91 18 > 947
1 16 > 936
4 15 > 943
117 15 < 935
48 12 < 950
9 18 < 946
110 10 > 935
79 15 = 946
128 15 < 934
128 20 = 947
13 1 > 950
3 14 = 934
19 7 > 944
40 16 > 941
123 12 < 939
95 14 = 944
66 18 < 944
93 20 = 950
51 8 > 934
27 18 > 950
1 16 < 949

148 20
7838 8170 8904 8785 8331 8838 8434 8752 8321 8412 8740 8335 8451 9231 8426 8467 8269 8009 8352 8434 8297 8468 8804 9144 8191 8247 8569 8792 8540 8630 8847 8927 8929 9060 8500 8224 8854 8467 8501 8168 8011 8469 9218 8292 8600 8352 8460 8784 8335 8711 8264 8595 8765 8522 8704 9018 8170 8091 8687 9098 8150 8764 8485 8382 8512 8551 8603 8265 8802 7843 8916 8972 8025 8730 8282 9164 8584 8480 9156 8883 8908 7972 8267 8423 8684 9188 8321 8724 8990 8761 9262 9032 8819 8476 8497 8322 8328 9029 8414 8846 9290 8514 8675 8496 9126 8925 8873 9005 8887 8467 9196 8800 8834 8609 8548 9195 8626 9365 8788 9467 8776 9273 8281 9104 8603 8805 8870 8620 8318 8646 8984 8375 8916 8961 8136 8701 7935 8669 8518 8142 8415 8362 8645 8232 9208 8890 9098 8553
66591 44293 43766 65571 70134 52457 82585 78882 42946 62250 69116 83472 67636 79668 46324 68672 43582 53724 75102 80567
40
0 0 < 661
27 16 > 46
34 12 > 550
0 0 < 566
0 10 > 254
0 6 > 262
0 18 < 382
0 15 = 313
145 0 > 312
10 13 > 199
0 14 > 521
97 11 > 396
0 14 < 547
0 12 > 557
0 20 > 522
0 4 > 427
11 17 = 1
0 11 < 473
0 16 = 464
0 12 = 564
0 18 = 363
0 19 > 442
0 5 > 352
0 4 < 460
0 11 = 467
0 8 > 499
27 6 > 454
3 3 > 253
0 18 > 362
0 7 > 549
0 6 < 462
12 7 < 566
0 14 > 532
85 3 > 8
0 5 > 392
0 15 = 313
93 5 < 429
0 1 > 345
0 2 < 550
0 13 = 457

104 20
674 341 2196 3066 859 2427 2736 2385 4086 2328 2405 2158 2440 2942 2665 2259 2630 2602 4531 2478 2414 3796 2677 2383 2149 2954 2692 2742 2293 1974 640 956 2698 2685 1370 1891 2249 2371 2743 4280 2305 2656 2021 1761 2471 4660 1010 2602 2201 2374 2423 3571 2899 1620 1300 2447 2468 2546 2324 1980 2678 2363 3549 2761 2893 2802 2010 2884 4788 10000 2029 3300 2720 2062 2377 2349 2303 2826 840 2503 1964 337 2308 3460 2449 3300 10000 2729 2607 2870 2493 2098 2810 1989 3480 2556 2224 2699 1880 2346 1220 2312 1697 2623
11969 12419 13761 13533 12956 12386 13842 12922 13415 13463 13642 12900 12930 13734 14261 14001 14944 13704 13926 13584
64
0 0 < 244
94 0 < 215
79 0 = 42
63 0 > 125
25 3 < 128
92 20 < 10
5 0 < 126
89 16 = 167
65 0 > 52
47 0 < 101
82 0 < 32
19 0 > 203
86 0 > 28
39 19 < 136
28 13 < 200
65 0 < 213
28 13 = 72
9 0 > 167
70 0 = 110
27 18 < 6
101 0 = 61
6 0 < 240
67 10 > 212
17 4 < 58
72 9 < 174
54 0 < 179
52 0 > 97
32 0 < 96
71 0 < 191
46 0 = 233
68 9 = 117
95 0 = 174
104 0 < 239
99 0 = 94
86 8 > 18
63 14 < 234
51 6 > 16
73 4 = 168
9 3 > 162
70 0 < 102
5 0 < 102
55 0 = 65
16 0 < 203
84 0 = 173
43 15 < 138
72 0 = 165
103 0 < 183
96 3 > 71
90 5 = 241
87 0 > 243
1 0 < 65
82 19 > 17
2 0 < 40
69 0 > 235
57 12 > 35
16 4 = 75
40 0 > 195
1 0 < 74
22 0 > 144
47 10 > 23
104 3 > 183
45 14 > 92
31 0 = 32
13 9 < 161

39 20
3790 3790 3790 3790 3790 3790 3790 3790 3790 3790 3790 3790 3790 3790 3790 3790 3790 3790 3790 3790 3790 3790 3790 3790 3790 3790 3790 3790 3790 3790 3790 3790 3790 3790 3790 3790 3790 3790 3790
6045 6045 6045 19500 6045 6045 19500 6045 6045 6045 6045 6045 6045 6045 6045 6045 6045 6045 6045 6045
7
0 0 < 297
0 0 = 155
11 0 < 159
0 15 < 162
0 7 = 163
37 3 > 148
0 4 = 148

117 20
7512 8540 8278 6987 7931 6951 8195 7338 10199 8841 8215 3778 6890 6601 7470 7070 7128 7067 8013 8214 10244 8718 6838 7912 8189 6787 7593 7513 8605 5875 6423 9120 9363 8807 8835 7260 6857 7334 9063 7524 4553 10594 7136 6724 7696 7409 6200 9312 5989 7134 9524 8062 6628 9212 7270 7092 8285 7232 8427 8600 7651 8158 6955 10689 8232 8814 8036 9905 7762 6027 7224 8469 7249 7166 6690 6011 6378 9005 9092 8833 9649 9140 7501 8869 8358 6698 8660 9676 6994 5668 6448 8362 7961 6877 9272 6447 7511 8731 8914 6712 9783 7376 8066 7127 9401 7730 10108 7987 9365 7866 7885 6891 6670 8434 8763 9476 7760
44226 1404 26208 56953 57325 54304 32643 54730 63098 60368 55114 53352 59886 351 702 57330 60169 62645 58953 60878
774
92 13 > 760
0 1 < 624
79 6 < 707
1 2 > 1
12 0 < 500
34 16 < 572
76 6 > 458
37 10 < 841
31 5 > 339
113 13 = 389
43 6 = 996
62 20 = 910
4 14 < 298
0 9 > 114
26 11 < 330
0 3 < 258
0 7 = 279
83 11 = 511
102 16 < 722
106 5 > 925
1 8 < 439
8 16 > 803
36 20 > 988
13 7 < 280
107 8 = 630
29 5 > 212
0 1 > 93
108 8 < 53
74 20 < 224
22 18 < 230
75 5 < 572
70 3 > 217
103 15 < 232
75 11 < 565
73 18 = 754
87 17 > 496
18 13 > 752
97 7 > 278
0 1 = 378
0 15 < 10
41 15 = 6
113 16 < 309
73 13 = 271
0 14 < 259
99 10 > 334
0 3 = 224
2 4 < 737
95 8 = 877
2 19 > 818
89 16 > 311
22 5 > 336
25 4 > 0
40 10 > 797
27 14 < 61
25 12 > 170
25 10 = 74
0 2 < 13
93 17 < 900
73 1 = 378
61 1 > 377
2 16 > 869
0 3 < 225
53 2 > 8
0 14 = 3
70 6 > 307
19 10 > 281
52 3 = 224
42 16 = 233
76 8 < 57
100 3 < 225
31 10 = 57
0 14 > 2
80 20 < 914
5 3 = 224
104 16 > 422
0 2 > 11
22 8 = 793
46 17 = 331
28 12 > 342
22 3 < 225
66 19 < 379
108 9 = 221
34 10 = 748
40 18 > 164
69 10 < 142
3 20 > 886
0 7 > 278
52 17 < 778
0 12 = 456
71 9 > 349
71 18 > 587
12 19 = 289
96 13 < 188
77 19 < 165
59 10 = 520
0 7 < 280
54 5 = 512
73 1 = 378
11 3 < 225
100 19 = 161
10 10 < 943
57 6 = 113
91 13 < 77
81 9 > 387
0 15 = 6
74 16 < 983
81 7 > 278
80 12 = 456
64 10 < 983
2 3 < 225
80 2 < 13
56 11 = 755
0 15 > 5
71 14 > 2
28 5 < 412
86 14 = 3
0 12 < 457
16 15 = 6
18 2 > 11
37 11 > 847
70 17 > 818
117 19 > 836
108 4 = 937
27 16 < 337
111 3 = 224
0 3 > 223
29 17 > 270
67 13 > 624
81 10 > 344
47 12 > 455
104 19 < 89
116 18 > 707
37 19 = 91
45 2 < 13
5 19 > 494
66 4 = 786
22 16 > 771
59 7 = 279
26 13 = 751
38 17 = 69
26 20 > 445
62 20 > 909
87 18 > 800
3 2 = 12
61 18 < 822
2 6 = 59
91 11 > 585
65 10 < 562
34 5 > 525
39 1 = 378
2 14 > 2
51 8 > 871
0 3 = 224
71 19 = 51
31 5 < 838
37 7 = 279
5 19 < 782
97 14 < 4
11 6 = 483
96 14 > 2
57 7 < 280
3 4 = 118
81 20 > 280
84 13 > 649
0 3 < 225
102 11 < 320
48 13 > 242
114 20 < 105
85 20 = 300
74 19 < 646
101 19 > 212
13 11 = 341
20 3 > 223
26 10 > 648
31 3 < 225
7 2 = 12
114 8 < 43
19 16 > 611
56 20 > 541
100 3 = 224
23 7 = 279
0 3 > 223
0 2 > 11
47 2 > 11
9 17 > 120
71 7 = 279
12 18 < 212
65 4 = 458
37 6 < 4
14 5 = 104
90 9 = 215
84 3 = 224
85 13 > 301
87 16 > 285
83 15 < 7
51 1 < 379
56 6 < 737
92 1 > 377
19 9 > 699
3 13 < 511
51 6 = 785
0 14 < 4
28 7 > 278
12 4 = 250
18 19 < 156
84 16 > 69
49 1 > 377
72 3 > 223
82 17 < 624
117 10 > 127
13 17 = 983
104 7 < 280
0 7 < 280
87 11 < 75
58 1 < 379
27 8 > 939
16 10 < 745
16 11 = 31
72 17 = 179
42 8 > 378
0 3 < 225
68 15 > 5
39 4 < 803
113 3 > 223
51 11 = 766
52 3 > 223
59 11 < 864
84 8 < 721
109 15 = 6
5 20 = 790
0 3 < 225
92 5 = 442
78 16 = 940
30 14 = 3
61 2 > 11
20 11 = 563
74 13 < 366
8 10 > 421
12 5 < 268
15 2 = 12
6 2 > 11
26 13 > 750
108 5 = 394
93 11 > 977
11 4 = 311
111 4 > 158
68 16 > 335
64 2 > 11
40 14 > 2
51 13 < 263
44 13 < 758
98 15 = 6
90 5 > 621
98 10 > 990
0 1 < 379
49 10 < 437
67 15 = 6
98 18 > 267
0 12 > 455
116 19 > 724
94 5 > 776
27 11 < 265
36 12 < 457
38 7 = 279
20 16 < 30
41 20 < 614
50 11 < 287
103 9 = 777
0 15 > 5
18 3 < 225
3 7 < 280
54 10 < 715
97 3 > 223
80 7 > 278
56 3 > 223
0 14 > 2
65 4 = 458
97 11 > 381
57 16 > 897
116 19 > 810
73 12 < 457
90 11 < 138
92 20 < 793
59 19 > 880
0 15 > 5
23 7 > 278
78 1 > 377
0 7 < 280
0 7 = 279
89 12 > 455
113 20 = 208
57 14 = 3
36 17 < 377
90 1 > 377
91 8 < 498
99 20 = 577
82 12 = 456
95 11 > 108
90 4 = 583
110 13 > 114
0 12 = 456
114 19 = 993
99 17 < 957
95 2 = 12
107 1 = 378
36 4 < 575
106 19 < 378
42 2 = 12
49 9 < 231
69 8 = 189
54 10 > 211
79 8 > 30
27 16 = 56
112 9 = 136
72 11 > 562
66 4 > 785
54 16 > 862
47 4 = 42
67 11 < 76
47 16 < 102
93 1 = 378
17 6 > 782
16 14 > 2
7 13 > 154
0 1 > 377
61 1 > 377
37 1 = 378
77 17 > 906
72 4 = 883
47 19 < 668
52 20 > 85
64 9 = 675
12 11 = 140
41 5 = 725
0 14 = 3
101 3 > 223
112 16 < 829
0 2 > 11
69 11 < 165
17 1 < 379
88 4 = 624
93 3 = 224
35 3 < 225
24 11 > 845
27 10 = 499
111 2 > 11
109 17 > 733
99 6 < 282
50 5 < 933
2 15 > 5
0 2 < 13
56 2 < 13
77 17 = 968
31 13 = 482
42 10 > 904
105 16 > 619
0 1 = 378
24 13 = 639
104 2 < 13
0 14 = 3
6 4 > 934
110 18 = 651
115 14 = 3
52 20 < 821
50 3 > 223
0 12 < 457
35 14 < 4
114 17 > 852
111 6 < 65
115 3 > 223
5 12 > 455
16 12 > 455
93 15 < 7
0 15 < 7
44 9 > 252
68 2 < 13
46 7 = 279
6 6 > 736
44 1 = 378
102 5 = 996
83 14 < 4
14 9 = 356
103 5 > 545
74 17 > 182
54 15 < 7
98 8 < 28
91 15 < 7
6 15 = 6
67 13 = 916
32 16 > 926
82 10 > 178
86 7 < 280
3 3 = 224
7 9 < 732
19 3 = 224
96 6 = 856
50 5 < 122
26 13 = 751
105 5 = 419
76 10 < 741
0 15 > 5
95 8 > 876
13 18 > 307
86 13 < 491
14 5 = 104
94 9 > 314
46 11 > 167
54 13 = 603
75 14 > 2
44 20 = 315
63 1 = 378
0 7 = 279
72 18 = 673
115 2 > 11
96 19 < 779
11 13 > 227
60 7 = 279
56 9 = 874
12 20 > 80
83 2 > 11
62 11 > 753
75 1 < 379
16 14 > 2
16 5 > 12
45 2 < 13
88 1 < 379
42 20 = 737
106 13 = 235
7 6 < 162
26 4 = 393
113 15 < 7
30 2 < 13
21 13 > 898
98 2 < 13
80 9 > 399
80 14 > 2
48 15 = 6
110 13 < 161
36 9 < 639
27 11 > 137
77 4 < 498
117 10 > 638
57 11 < 978
100 7 = 279
47 19 = 193
50 10 > 336
90 5 = 746
114 19 < 994
67 19 < 719
97 13 < 474
14 4 > 448
24 7 < 280
46 9 < 843
20 6 > 739
39 15 = 6
77 19 = 146
4 4 = 576
5 1 < 379
19 8 < 135
117 7 > 278
11 18 > 252
17 12 = 456
54 1 = 378
11 15 < 7
6 9 < 518
6 3 < 225
57 13 = 982
40 16 > 421
23 5 = 56
4 16 > 875
109 7 > 278
72 17 > 178
0 2 < 13
62 16 = 282
83 3 > 223
66 7 = 279
48 15 > 5
88 16 = 38
14 18 < 780
67 6 < 783
14 20 < 452
95 5 = 675
14 16 = 67
29 17 < 959
0 14 > 2
43 3 > 223
53 1 > 377
41 15 < 7
11 10 > 213
87 15 < 7
31 13 = 482
86 12 < 457
22 20 > 202
112 13 > 353
114 7 > 278
97 5 = 157
6 13 > 304
105 7 > 278
57 9 < 650
14 5 > 103
54 3 = 224
19 20 = 81
0 12 > 455
85 2 > 11
64 16 = 751
18 20 > 784
82 8 = 569
10 4 > 684
26 14 < 4
102 11 < 120
91 9 < 774
28 18 > 720
41 13 < 134
74 8 > 648
71 20 > 155
80 11 > 823
11 19 < 130
0 7 = 279
103 4 = 537
70 19 = 402
67 15 < 7
62 1 < 379
17 5 > 150
66 15 < 7
25 8 > 712
0 14 = 3
51 19 = 564
8 15 < 7
61 14 = 3
27 18 > 682
8 7 > 278
78 13 = 393
101 19 > 711
0 1 > 377
85 16 < 252
22 6 < 351
103 19 > 635
91 9 > 245
62 13 < 117
71 19 < 52
0 15 < 7
56 4 > 137
0 14 > 2
57 13 = 982
42 13 = 794
17 16 < 376
83 11 = 511
7 1 > 377
68 2 = 12
115 10 < 490
48 17 > 208
54 1 > 377
21 17 > 240
0 1 < 379
0 3 > 223
19 10 = 328
46 9 = 229
78 1 > 377
47 6 < 476
69 2 > 11
59 6 = 202
103 8 = 625
42 17 = 575
115 11 < 520
3 19 < 347
109 16 = 443
37 13 > 301
64 11 > 768
65 2 = 12
4 6 = 48
113 14 > 2
69 20 = 313
29 18 < 636
60 18 > 65
100 10 > 757
38 3 = 224
7 12 > 455
35 1 > 377
70 5 < 192
112 8 < 709
62 2 = 12
0 14 > 2
82 15 < 7
48 8 > 643
109 4 = 93
82 5 > 633
23 4 > 653
76 9 < 630
51 1 < 379
10 12 = 456
71 10 < 799
61 17 < 446
69 8 < 190
0 7 > 278
13 8 = 942
98 9 > 950
101 15 > 5
9 17 < 516
18 8 > 799
95 19 > 220
38 5 < 864
66 20 > 614
0 7 > 278
22 3 < 225
0 15 > 5
96 8 < 182
79 5 > 517
0 14 = 3
57 10 = 259
73 4 > 130
104 1 > 377
62 11 > 850
115 16 > 161
105 7 = 279
9 10 > 520
37 18 < 55
25 4 < 959
42 6 < 926
40 13 < 249
89 5 = 74
59 19 > 930
74 14 < 4
0 15 < 7
13 2 = 12
12 15 < 7
71 5 = 393
1 20 < 458
35 20 = 590
90 13 < 984
27 8 = 981
116 12 = 456
69 3 = 224
42 17 = 575
105 6 < 124
53 16 < 69
0 3 > 223
48 1 = 378
33 18 > 352
14 15 > 5
16 3 = 224
58 17 < 643
43 8 < 851
41 16 < 100
42 6 > 628
48 1 = 378
22 13 > 119
5 3 = 224
63 7 < 280
58 16 = 393
40 1 = 378
2 1 = 378
37 1 = 378
2 11 < 35
85 16 < 206
62 12 < 457
30 7 = 279
92 13 > 894
117 20 = 28
109 1 = 378
76 7 < 280
105 1 > 377
49 1 < 379
55 16 > 84
16 8 < 376
81 18 > 21
53 8 = 749
40 2 = 12
21 16 > 773
62 20 < 911
14 13 > 939
90 1 = 378
1 6 < 975
51 6 = 785
88 11 > 821
49 12 > 455
0 7 = 279
84 15 = 6
84 4 > 199
86 4 = 69
73 6 = 431
28 13 < 236
36 19 < 290
74 1 < 379
0 7 = 279
2 12 = 456
111 8 < 167
62 7 > 278
80 4 < 407
63 17 > 219
112 5 < 48
70 12 = 456
50 6 > 334
0 14 = 3
79 13 > 720
43 4 > 167
34 3 < 225
2 20 > 889
72 15 = 6
103 13 < 58
5 6 < 130
114 11 > 408
68 13 = 498
42 13 > 793
0 3 > 223
30 16 < 147
106 2 > 11
59 9 > 767
54 4 > 686
41 12 > 455
111 17 = 862
11 9 < 654
60 6 = 849
107 11 = 123
110 18 < 652
12 19 > 288
11 9 = 558
117 15 = 6
24 5 > 373
12 12 > 455
101 19 > 914
70 5 < 73
25 3 < 225
63 14 > 2
71 8 = 829
18 7 < 280
83 18 > 60
0 7 > 278
111 5 = 875
0 14 > 2
0 2 = 12
117 1 < 379
29 7 > 278
116 16 > 750
36 8 < 508
86 14 = 3
44 3 > 223
10 14 < 4
72 11 < 970
24 9 > 197
40 13 > 229
23 19 = 318
111 15 < 7
56 10 > 868
30 5 = 286
33 20 < 372
96 9 < 558
106 8 = 390
80 4 < 151
95 11 = 266
24 14 > 2
101 12 < 457
62 7 = 279
108 8 < 39
62 6 = 380
3 4 = 118
68 20 = 963
84 15 > 5
85 9 < 581
61 6 < 591
110 17 < 207
74 15 = 6
84 16 > 280
12 5 < 125
90 7 > 278
31 17 < 56
49 19 < 872
57 11 < 73
98 9 = 969
47 19 > 192
53 19 < 666
107 18 < 655
80 20 < 791
95 4 = 393
92 7 > 278

179 20
10000 10000 10000 10000 10000 10000 10000 10000 10000 10000 10000 10000 10000 10000 10000 10000 10000 10000 10000 10000 10000 10000 10000 10000 10000 10000 10000 10000 10000 10000 10000 10000 10000 10000 10000 10000 10000 10000 10000 10000 10000 10000 10000 10000 10000 10000 10000 10000 10000 10000 10000 10000 10000 10000 10000 10000 10000 10000 10000 10000 10000 10000 10000 10000 10000 10000 10000 10000 10000 10000 10000 10000 10000 10000 10000 10000 10000 10000 10000 10000 10000 10000 10000 10000 10000 10000 10000 10000 10000 10000 10000 10000 10000 10000 10000 10000 10000 10000 10000 10000 10000 10000 10000 10000 10000 10000 10000 10000 10000 10000 10000 10000 10000 10000 10000 10000 10000 10000 10000 10000 10000 10000 10000 10000 10000 10000 10000 10000 10000 10000 10000 10000 10000 10000 10000 10000 10000 10000 10000 10000 10000 10000 10000 10000 10000 10000 10000 10000 10000 10000 10000 10000 10000 10000 10000 10000 10000 10000 10000 10000 10000 10000 10000 10000 10000 10000 10000 10000 10000 10000 10000 10000 10000 10000 10000 10000 10000 10000 10000
89500 89500 89500 89500 89500 89500 89500 89500 89500 89500 89500 89500 89500 89500 89500 89500 89500 89500 89500 89500
5
130 0 > 307
0 0 < 366
0 0 > 329
0 0 < 341
0 0 < 324

123 20
2316 2759 2583 3380 1699 3568 4307 2968 3244 3020 2500 3371 960 3628 642 3316 3540 2725 2637 2617 3318 2133 3157 2476 2977 3098 2496 3881 2826 2642 3102 3352 2828 3366 3690 2807 2604 3474 3226 4156 3222 2643 2950 3743 3398 4960 2873 2822 2470 1960 3046 3164 3260 3339 5120 2878 329 2908 2966 5380 2372 3381 3249 3142 3116 3671 3320 2539 38 3488 2899 3161 1898 3288 2656 3216 2883 2762 2633 2376 2348 2747 5820 3564 2333 1002 3303 3646 3214 3025 3467 3387 4352 3070 3251 3098 2374 2761 2947 2548 1863 3006 2795 2653 2781 3143 4055 1960 2483 2395 2148 3967 1800 2457 5097 2689 2965 3334 3000 2573 2848 2698 2804
18391 19224 18186 20145 17678 18814 17767 19101 17618 17503 18517 18151 17766 16603 18790 19006 16921 17729 17154 19615
40
83 0 > 290
16 0 < 294
0 0 < 292
113 0 = 90
1 9 < 203
20 13 < 37
48 6 < 170
46 0 = 248
50 0 = 98
89 19 < 109
113 0 < 91
15 0 < 61
24 1 = 111
21 4 > 269
14 1 > 65
1 2 < 211
40 0 > 120
60 0 = 269
114 18 > 105
27 18 < 9
101 1 < 200
55 0 = 256
108 0 = 98
93 0 > 130
13 0 = 48
57 0 < 32
7 0 > 145
69 0 < 13
8 16 = 120
101 19 < 92
122 2 < 149
107 0 > 122
115 0 > 231
54 19 < 213
78 10 = 254
11 0 = 125
115 0 < 277
69 0 < 4
27 10 > 7
86 0 < 84

200 20
8164 8085 7274 7366 4897 8205 9452 8542 6962 6858 8249 7430 8782 8076 9506 8429 7913 8439 7537 8339 9129 1449 8256 7198 9722 9410 9303 7484 7365 7861 7264 10739 8458 7458 7764 9545 8087 9163 9143 8126 7894 8746 8064 8738 9037 6554 8725 7288 8570 9218 9918 7829 9019 8887 7882 6726 8647 8408 10416 8860 9194 7767 10934 8868 7423 9065 7872 8212 8483 11180 6503 8972 7586 9708 9603 8452 6794 7153 8344 7302 8295 8328 7199 9503 9753 9117 8468 6399 9841 8850 7954 8871 8764 6120 5469 8506 7531 9898 7721 6305 9223 9143 6581 8297 10257 8102 8178 7944 8990 7902 9016 7403 6669 8254 10029 6578 7803 8513 6834 6857 8032 5893 6697 9863 8663 7989 8331 9529 7143 9407 8395 7768 6877 5525 9311 9379 7729 6121 6736 7967 6809 7752 8176 8798 5807 8319 9205 11765 10358 8189 10074 8960 9325 9154 10934 7711 7786 7623 8536 8763 8455 9243 9470 7428 7738 8248 8230 9795 6274 9257 8824 7954 7615 8603 8379 9159 8073 9693 9943 7707 7420 7327 9260 7420 9802 9194 7954 9298 9825 9028 8517 8366 7974 11037 8113 8703 9411 8153 8602 9471
97854 100074 97756 102923 96474 6507 100827 800 110379 104823 95173 113798 13217 98580 97702 100627 29000 97924 100816 96843
21
105 18 > 742
0 17 = 145
22 0 < 146
0 13 < 134
48 5 = 391
173 17 < 146
6 19 > 687
0 9 > 117
160 4 = 35
145 18 > 246
3 11 > 204
0 10 > 128
144 14 > 375
45 16 > 234
0 8 = 4
0 4 > 34
0 8 < 5
0 6 < 71
47 14 < 526
0 12 > 95
40 12 > 750
