155 1500
40 0
0 139
326 0
2 1
149 0
1 15
0 53
306 38
435 0
0 0
19 0
0 0
33 346
502 0
53 1
0 120
502 0
0 6
0 2
52 838
0 0
0 451
1 25
0 0
1 545
10 84
333 0
6 0
0 6
1 0
208 2
30 0
145 0
14 1
212 1
84 0
0 2
35 18
968 0
2 323
0 0
0 0
239 0
10 0
4 210
270 73
5 74
1 132
0 311
0 1
0 16
9 6
211 100
0 35
98 3
0 0
0 0
1 0
11 0
1000 10
0 0
14 4
0 1
27 0
0 5
0 547
190 17
53 0
0 0
0 0
0 0
0 500
0 0
0 50
493 0
0 102
1 0
0 0
0 2
0 0
32 0
23 90
0 0
255 10
0 70
5 0
0 0
256 398
0 87
9 0
137 0
195 153
82 0
0 2
0 4
0 0
0 180
1 27
3 0
0 0
12 184
0 1
16 88
0 6
19 0
1 0
0 9
0 0
0 0
11 158
158 1
4 0
5 7
0 7
0 12
1 0
1 1
45 5
144 15
30 9
44 0
76 0
41 0
0 33
95 0
149 85
1 201
0 4
0 0
0 0
33 127
87 0
14 431
0 47
367 68
3 19
1 0
0 0
82 0
0 426
0 0
480 211
0 0
0 1000
0 0
0 32
7 0
304 0
0 0
0 0
76 0
0 0
1 987
0 0
0 2
33 143 686499766
47 33 18717802
112 99 816483552
144 91 581573613
18 70 576907016
115 56 149542987
28 40 82276808
127 40 616954283
2 26 257919586
65 11 456117231
144 44 258041194
150 57 28579149
52 13 89449933
70 124 821389171
116 108 966974137
36 34 770300523
57 62 82193308
20 33 79071575
117 1 154539181
133 66 72153801
8 54 420836851
147 15 64141096
130 33 795642728
57 102 86054722
74 30 351163010
127 65 714295878
81 89 610428
74 108 837786104
73 36 472348339
64 14 495932829
98 143 532552729
110 101 106834555
23 75 46847904
103 131 183461682
119 49 112634852
54 143 868109024
55 68 804458616
85 108 813312231
114 147 173492300
21 55 304787411
116 119 501441544
76 73 212139848
50 62 274813268
57 132 778909612
133 62 222073678
82 115 909407203
30 136 125595212
99 65 909666457
55 23 560111421
46 11 850175002
50 93 690137751
41 13 677092997
99 29 522662506
76 86 36874360
29 63 115135076
153 111 122993017
108 141 598483334
131 51 732860409
72 105 25778496
5 150 111454932
146 44 957044617
63 51 138260586
53 116 718772838
71 37 774202107
65 65 488007949
120 62 605918411
101 137 201073948
95 112 887284973
121 150 168506819
137 154 541971910
129 145 798077205
59 19 628908200
89 38 70344018
26 108 382808323
15 139 197724956
66 70 546519391
40 15 367371659
31 77 595228770
7 42 168530010
121 145 104221393
8 119 619380476
93 144 80400637
41 77 149985271
105 70 188923633
16 84 57829358
147 117 857447918
152 1 210769355
137 153 863758524
46 5 592436142
104 92 231932501
127 99 879312930
140 36 182265150
16 44 250272668
84 148 7139754
72 130 683903106
11 122 164248183
19 85 496540512
130 33 263144074
8 78 984437037
82 148 681440446
112 87 72382689
106 71 764692767
21 86 254180584
13 136 758671682
74 53 513488611
31 63 701966726
103 48 708752167
143 144 91860548
25 151 255872435
66 77 207444590
43 1 50796279
85 73 405305855
129 93 189500705
62 106 891493702
141 24 200205503
7 21 673464192
149 124 668714711
32 111 396724290
136 135 721249328
96 12 87240196
15 21 521593712
54 105 932395637
129 45 163779269
102 106 789757402
55 92 493725414
27 65 768938207
28 26 794029318
76 57 79924610
79 4 508473875
78 66 107274456
121 81 543377197
8 101 727291537
123 74 261836993
20 142 386804547
144 8 698992633
136 34 550016611
116 61 465582480
64 103 345086362
122 149 913481999
93 38 455414654
108 3 163939317
110 11 899204062
28 100 919028972
146 119 412912627
92 74 96088004
63 54 345017081
98 137 671290802
126 45 405492024
55 12 929955437
109 71 9090674
41 146 158197569
53 100 280159869
10 95 778595279
41 85 22314500
25 143 596039253
138 50 36655258
8 114 908065041
28 84 61845704
150 105 358498699
77 26 159012127
41 66 556270842
130 86 931778792
74 95 850954264
84 102 399373523
57 93 140097594
70 76 419599781
137 50 626023445
151 44 415595020
88 5 766494064
125 48 797234005
111 56 610710170
53 30 547118353
62 71 343789365
10 154 567232849
9 23 821005388
150 92 848675655
30 40 185904687
146 36 489593684
35 90 827102817
150 60 157160354
136 137 107562684
154 1 203409934
69 63 548601246
78 39 583600046
1 15 506977311
17 9 914770170
74 39 505502029
148 29 187235803
111 63 198073675
78 24 543995015
92 4 222138699
7 124 950644570
73 37 351934522
54 82 86314616
155 82 553156250
91 65 906942369
85 106 405399504
118 65 483902897
154 20 748691522
2 64 628127591
31 1 919442985
8 129 85862100
18 46 821984814
25 66 162243592
70 65 821352808
96 122 310960952
8 18 465354076
81 136 661080823
148 134 49603025
90 102 267375294
55 99 485943338
23 106 636609113
82 90 113426508
145 114 98089963
133 150 364843478
48 90 258791114
150 65 694700918
13 112 839943065
96 71 881751235
11 5 32584455
22 26 807660661
122 16 296020256
73 97 257659606
36 53 235157188
64 31 947920811
90 45 168525635
116 39 422619744
127 19 144375473
84 81 979564719
20 91 367522107
56 79 731339546
3 45 33620329
54 84 155190874
40 86 756162745
74 116 27552365
102 51 585676860
64 133 594011409
58 104 517907965
129 155 842186623
116 19 630835760
108 74 784323866
125 76 979238231
124 97 514056118
64 136 487814431
24 21 189247089
47 122 792549364
82 153 409026599
122 22 895248712
25 150 767414392
130 111 907272751
16 30 361793596
103 154 747989385
46 89 390653202
72 119 533055053
151 143 248478876
36 1 484843356
125 82 248800880
37 15 772322987
142 6 52299378
123 136 406422374
90 118 687823629
130 32 818486643
57 77 655771018
81 116 354865503
19 111 495672117
10 146 120128576
123 83 447004934
45 119 275344033
143 72 932405632
48 40 127278060
62 129 285761395
73 70 397210934
81 126 102733058
23 18 725735679
50 36 782806059
64 46 463189162
78 135 383173624
141 147 951783921
31 101 916782992
114 148 59970580
111 22 97971234
103 94 583222504
94 19 925581923
129 8 530088046
123 57 915406323
7 87 358788461
37 132 330688213
148 84 94291811
2 114 878756835
116 39 132060173
80 149 55588517
140 64 175292248
113 2 147784759
57 97 981352148
108 32 707115542
39 38 630098856
137 74 694169937
26 34 536977675
29 35 81346774
10 150 612197944
105 42 742418793
67 26 124673270
121 138 598619426
6 7 472021750
87 81 294355193
3 119 672165089
5 67 97413429
106 92 748238155
135 120 795842098
89 96 980747523
82 46 201051759
36 79 702207565
52 11 919951672
4 17 441734152
86 103 783253448
10 72 888688713
127 43 131213760
8 148 460222519
43 94 175038232
146 150 154415611
56 76 1636896
128 78 934159606
71 97 979790216
151 100 110052759
16 152 115651178
149 129 84991049
57 100 928747218
31 74 736767132
63 117 679121662
27 74 837155455
54 96 837451809
125 69 260556267
87 139 216752496
59 101 142786674
47 116 334419824
104 109 100392490
77 10 112867638
59 7 292997970
1 36 50889788
37 30 534900271
33 83 225773965
105 52 662690230
100 105 400370860
2 8 6248198
126 21 98312873
92 91 297945083
30 134 508218893
35 38 507828734
114 5 756995000
120 8 621399878
45 41 888552172
66 145 398215529
121 56 260806032
5 25 294240649
143 117 256052808
87 20 261891564
138 50 396745839
133 51 427489603
100 9 105275339
136 129 566059301
13 18 42674456
127 83 5665806
105 16 82492174
154 20 946740650
22 7 769970736
66 93 695954052
46 43 15727044
4 142 637121668
121 86 881908723
87 67 800975874
28 46 576704062
9 140 787382331
102 56 757569061
62 54 887632986
46 75 21949055
80 108 582570266
12 153 719955931
82 123 589805613
81 88 876204524
55 141 188661891
2 14 943541912
88 144 86944542
69 90 621403549
65 151 203402476
80 8 745887689
102 55 533684825
28 66 814295847
151 148 13239423
105 40 176710873
111 94 776888092
29 62 865439928
114 149 661297313
150 63 170123928
119 94 107505143
75 19 610825560
105 120 935665463
88 147 968622857
34 109 549164059
103 25 314408613
70 135 160650594
23 130 536346547
78 55 223231965
155 49 641782374
133 12 578339663
73 86 744276091
21 3 175926066
145 90 265211650
25 90 922732728
18 37 238291936
18 74 426221400
110 63 513309762
76 141 104967081
35 107 450006901
23 84 22346996
71 123 820354163
16 111 633076395
46 100 979808917
35 91 527361803
131 76 274584875
97 93 221928278
9 14 160665458
50 89 603717014
146 123 593670291
103 112 933742412
71 28 745823872
58 43 464479504
81 55 216018726
4 56 616545066
139 32 420254013
1 95 750905978
57 70 607278305
143 86 701974019
92 44 96351834
114 146 241545922
31 28 906539898
71 85 688124082
32 10 571576336
93 136 822106186
57 119 391219188
95 86 326559076
71 110 68732602
60 97 131047403
104 1 265951232
116 81 290353545
85 112 50340612
47 149 190005869
19 25 356811063
45 85 368691863
93 141 929266548
18 80 165634220
125 117 904041399
147 21 524572450
99 92 264037581
94 52 892363561
46 103 33935904
58 150 229542800
121 13 148695185
39 24 640504979
92 116 526548680
76 100 860173495
112 37 421058232
135 28 802091593
33 126 557761826
120 31 770031162
99 76 694830875
34 100 76827615
117 65 413497259
36 71 305188973
7 7 397748216
84 49 96779528
86 127 714452385
50 73 981367536
1 106 852311658
10 70 769492460
70 13 37648839
111 46 325827124
80 129 29064615
28 131 137265569
154 104 209765804
53 33 13958618
18 118 524830026
19 12 675194258
47 134 813363035
12 110 217759292
129 25 590098386
133 102 169347652
81 27 803755607
93 54 670790265
143 20 587213083
44 72 727053411
82 56 964870098
125 74 559848126
86 120 490335564
118 98 152220990
65 38 315533439
145 15 513230538
83 62 645879175
148 121 141361960
1 108 923573583
113 118 433422567
101 45 105816042
52 136 126428462
137 33 314754113
12 151 890007209
151 27 121677233
127 138 18635945
82 65 97354423
30 25 667473272
153 147 247548095
141 104 666050412
11 50 141970274
92 68 818843423
90 16 415024423
20 27 905745311
13 145 185021003
44 83 4818886
55 9 181967283
128 5 358348553
11 2 395396914
90 109 527806120
132 120 320756334
30 23 915374130
64 79 371504657
130 98 517611083
3 111 344041146
24 154 166326162
60 53 497694544
128 147 12798296
32 124 295446493
83 59 650502752
82 35 173257787
97 65 764491961
24 95 403147963
122 69 565848907
59 38 980728751
106 61 431332878
48 87 98166233
152 27 887935036
106 25 511272864
28 107 25079610
58 33 904757481
53 96 335437057
3 120 121572160
65 53 149409282
37 78 867854892
118 151 947539539
132 43 569538586
43 39 901429715
67 111 963429626
60 138 341579187
111 41 196777714
131 60 40425493
92 62 611635929
82 127 134427905
17 8 288281504
79 92 79106022
45 68 25742699
65 77 273366751
111 111 25420428
149 15 34184817
138 93 317065224
126 68 694800109
55 126 770008183
37 52 945835285
105 36 802515673
62 114 968258770
136 125 79428885
97 35 838510493
63 112 190986411
140 72 619352426
45 21 810556296
144 147 859999455
115 13 750599632
25 50 780185464
28 121 745646906
38 149 705482803
106 129 269100843
54 70 6037487
46 132 8366405
25 117 710739292
108 128 483508163
128 116 685319734
60 75 194726247
85 66 785232631
6 93 267522417
84 97 91746109
120 15 160749002
92 68 324013068
66 113 221807614
118 105 336387661
86 57 68840581
42 30 193066191
144 56 947025758
71 140 600724490
46 112 99995545
109 40 423611075
9 126 39826871
38 30 189940820
102 62 550590165
143 146 960241987
112 43 67021543
53 85 828966652
77 73 620461268
142 143 192102898
117 1 500333485
30 76 952668081
7 84 107103718
119 88 203964158
22 2 439930844
127 144 294592250
25 68 654944145
102 120 842621443
53 8 557329229
27 149 803145546
107 111 394075856
143 107 583252973
31 80 124291155
45 44 972903723
87 32 496264053
3 3 887402679
30 150 335221489
133 96 879783986
132 149 566670588
49 142 166646325
75 60 456692166
68 14 198671803
136 45 801806709
99 89 334696586
117 20 149151253
136 144 266982944
144 141 839077602
30 118 946842121
3 62 257369903
139 110 200474013
80 151 968255224
131 30 104207327
100 10 3445519
83 75 139976073
109 37 541502421
12 17 486082157
6 127 268305408
27 2 543114193
110 126 5644182
32 109 198835003
28 33 940217554
84 130 300123316
153 42 23674262
111 124 868254741
2 78 673670181
34 56 112441111
22 61 528804802
150 87 286755574
53 41 266075287
138 39 857173802
56 67 79211673
57 150 536362587
88 147 103553974
94 102 391944338
20 70 117520298
104 103 62526302
17 92 141425965
56 53 560199445
63 72 118203090
7 55 691512521
60 77 509374579
146 100 716300967
18 32 887721081
86 93 217724394
89 112 8155979
15 28 271740326
150 44 52108228
36 66 74399684
129 128 72372841
75 134 227928360
60 39 387381914
77 151 681595012
89 135 72559118
58 32 378912815
96 120 497683672
14 101 926281143
68 96 791531692
147 98 269720792
124 71 809473017
139 113 529377881
53 139 286607062
10 60 160370107
99 115 510768877
154 140 455742698
146 47 34716579
95 60 703338420
37 95 24131548
145 86 109744848
40 21 711021720
152 4 608033402
54 56 316031689
149 65 520647637
18 131 776308964
54 96 632604898
88 87 659774914
53 148 337197060
119 151 289126742
125 140 38894256
40 147 13414365
148 143 741894504
57 8 833553064
105 123 323252632
24 140 878198616
24 38 423464363
42 92 323573086
72 111 723689127
129 75 755125061
125 11 856893251
19 18 136841241
88 10 566311047
127 33 350936176
34 104 762934088
6 94 800801640
74 118 975305584
50 4 580315368
112 42 812416571
133 138 51203238
150 107 115771237
151 92 130250768
143 146 805661425
89 118 426292236
9 118 470043890
84 123 119432174
110 9 327022527
18 25 563546599
139 104 326906054
60 81 130554430
56 42 720453060
29 37 516786233
141 146 342320112
107 46 762688472
72 54 463958606
141 104 754993544
149 58 366506128
118 42 707571121
58 25 130534438
6 85 168437001
91 107 414530621
61 102 740093903
1 87 120094836
54 38 282713469
35 109 240754124
134 95 124053447
46 55 204635145
54 17 648448758
120 41 64582481
101 46 74804683
8 103 377799272
111 131 103722838
62 131 544695149
126 151 358891857
81 31 781956994
56 131 312707279
134 21 56185285
49 75 339411414
39 6 740317618
20 107 247678098
52 81 153916286
35 36 17611990
119 64 355549320
101 35 348175138
120 82 758175790
59 137 711378032
60 82 962773283
114 98 716994420
152 136 681610441
76 122 810895057
12 18 287670620
17 19 512078150
120 137 76725777
43 49 263577337
83 13 17214448
154 38 740260234
12 64 233023767
12 145 671363114
